Insurance	HaveEmail	HaveFitbit	Gdr_Cd	AgeBand	MbrCnt	Age	Female	HasEmail	HasFitbit	IP Admit	ER Visit	PMPM	Med	Ip	Op	Dr	Er	Rx	Charlson	AIDS_HIV	AMI	Angina	Cancer	CEVD	CHF	COPD	Dementia	Diabetes	HTN	Liver	Paralysis	PVD	Renal_Failure	Rheumatic	Ulcers	Depression	Skin
UHC-FI	No	No	F	18-44	275671	30.829833	1.000000	0.000000	0.000000	0.066227	0.225355	331.412406	294.115937	87.358909	92.651826	77.648118	36.457082	37.296468	0.240072	0.000275	0.000362	0.001316	0.006119	0.002423	0.001291	0.046573	0.000141	0.015888	0.036409	0.008412	0.000772	0.001621	0.001385	0.004795	0.001454	0.065654	0.007178
Uni-ASO	No	No	F	18-44	813204	30.027295	1.000000	0.000000	0.000000	0.065118	0.232781	340.613421	331.856886	94.249411	105.680248	91.029803	40.897422	8.756535	0.250879	0.000355	0.000332	0.001422	0.006104	0.002361	0.001400	0.048729	0.000100	0.016805	0.037277	0.008149	0.000889	0.001760	0.001704	0.005414	0.001430	0.070527	0.007203
NULL	No	No	F	18-44	1088875	30.230474	1.000000	0.000000	0.000000	0.065399	0.230901	338.283996	322.301992	92.504940	102.381837	87.641955	39.773259	15.982003	0.248143	0.000335	0.000339	0.001395	0.006108	0.002376	0.001372	0.048183	0.000111	0.016573	0.037057	0.008215	0.000859	0.001725	0.001623	0.005257	0.001436	0.069293	0.007197
UHC-FI	Yes	No	F	18-44	306216	33.557864	1.000000	1.000000	0.000000	0.081772	0.224994	491.388984	400.635816	114.237212	135.011670	112.866646	38.520286	90.753167	0.367079	0.000551	0.000574	0.002468	0.010900	0.003353	0.002001	0.062191	0.000107	0.027029	0.063896	0.012432	0.000881	0.002459	0.002831	0.009855	0.001796	0.094449	0.008771
Uni-ASO	Yes	No	F	18-44	657516	33.895899	1.000000	1.000000	0.000000	0.091965	0.243928	515.572785	487.796483	142.023724	160.239910	140.206578	45.326270	27.776301	0.364778	0.000634	0.000612	0.002389	0.010644	0.003599	0.002193	0.061105	0.000132	0.028029	0.065192	0.013029	0.000888	0.002726	0.002857	0.009587	0.002118	0.088922	0.008626
NULL	Yes	No	F	18-44	963732	33.788492	1.000000	1.000000	0.000000	0.088726	0.237912	507.888629	460.102072	133.194843	152.223895	131.519594	43.163738	47.786557	0.365509	0.000608	0.000600	0.002414	0.010726	0.003521	0.002132	0.061450	0.000124	0.027712	0.064780	0.012839	0.000886	0.002641	0.002849	0.009672	0.002016	0.090678	0.008672
NULL	NULL	No	F	18-44	2052607	31.901020	1.000000	0.469516	0.000000	0.076352	0.234193	417.916099	387.001346	111.609504	125.783484	108.243212	41.365143	30.914753	0.303248	0.000463	0.000462	0.001874	0.008276	0.002914	0.001729	0.054412	0.000117	0.021803	0.050073	0.010386	0.000872	0.002155	0.002199	0.007330	0.001708	0.079334	0.007889
UHC-FI	Yes	Yes	F	18-44	45791	33.935118	1.000000	1.000000	1.000000	0.072241	0.155292	498.308351	391.981904	110.412794	134.897397	119.890013	26.781699	106.326447	0.368860	0.000218	0.000480	0.001768	0.011727	0.002991	0.001768	0.067873	0.000109	0.022908	0.063353	0.012120	0.000698	0.002489	0.002838	0.010285	0.001572	0.100696	0.007534
Uni-ASO	Yes	Yes	F	18-44	98693	34.524211	1.000000	1.000000	1.000000	0.080917	0.168704	501.682214	471.059684	125.693673	163.776049	149.812269	31.777690	30.622530	0.371145	0.000354	0.000395	0.002087	0.011875	0.002908	0.001945	0.068930	0.000151	0.025300	0.064249	0.012635	0.000658	0.002543	0.002624	0.009585	0.002087	0.094677	0.008065
NULL	Yes	Yes	F	18-44	144484	34.337511	1.000000	1.000000	1.000000	0.078167	0.164454	500.612943	445.997735	120.850737	154.623601	140.329073	30.194322	54.615207	0.370421	0.000311	0.000422	0.001986	0.011828	0.002934	0.001889	0.068595	0.000138	0.024542	0.063965	0.012471	0.000671	0.002526	0.002692	0.009807	0.001924	0.096585	0.007897
NULL	NULL	Yes	F	18-44	144484	34.337511	1.000000	1.000000	1.000000	0.078167	0.164454	500.612943	445.997735	120.850737	154.623601	140.329073	30.194322	54.615207	0.370421	0.000311	0.000422	0.001986	0.011828	0.002934	0.001889	0.068595	0.000138	0.024542	0.063965	0.012471	0.000671	0.002526	0.002692	0.009807	0.001924	0.096585	0.007897
NULL	NULL	NULL	F	18-44	2197091	32.061248	1.000000	0.504401	0.065761	0.076471	0.229607	423.354368	390.881037	112.217221	127.680054	110.353227	40.630533	32.473330	0.307666	0.000453	0.000459	0.001881	0.008509	0.002915	0.001740	0.055345	0.000118	0.021983	0.050987	0.010523	0.000858	0.002180	0.002231	0.007493	0.001722	0.080468	0.007890
UHC-FI	No	No	M	18-44	338960	30.422108	0.000000	0.000000	0.000000	0.015084	0.154625	166.255348	140.622573	32.515597	48.922203	35.802683	23.382088	25.632774	0.189904	0.001079	0.000649	0.002118	0.002814	0.001672	0.001584	0.031083	0.000088	0.015494	0.047442	0.007800	0.000584	0.001510	0.001787	0.000961	0.001050	0.030844	0.007254
Uni-ASO	No	No	M	18-44	777239	28.874387	0.000000	0.000000	0.000000	0.017393	0.150431	182.440843	175.880449	39.744053	65.923963	45.446996	24.765435	6.560393	0.200074	0.001694	0.000649	0.001976	0.003059	0.001682	0.001713	0.032569	0.000113	0.016079	0.043828	0.007365	0.000944	0.001609	0.002135	0.001137	0.000994	0.037598	0.006910
NULL	No	No	M	18-44	1116199	29.344389	0.000000	0.000000	0.000000	0.016692	0.151705	177.525738	165.173568	37.548963	60.760980	42.518274	24.345350	12.352169	0.196986	0.001507	0.000649	0.002019	0.002985	0.001679	0.001674	0.032117	0.000105	0.015902	0.044925	0.007497	0.000834	0.001579	0.002030	0.001084	0.001011	0.035547	0.007014
UHC-FI	Yes	No	M	18-44	308478	34.425103	0.000000	1.000000	0.000000	0.019738	0.144778	300.272083	216.487924	50.461370	80.640914	61.125354	24.260285	83.784157	0.337105	0.003857	0.001322	0.004431	0.006165	0.002642	0.002706	0.040207	0.000090	0.031655	0.090450	0.014312	0.000888	0.002713	0.003967	0.002564	0.001539	0.047873	0.008765
Uni-ASO	Yes	No	M	18-44	738118	34.591979	0.000000	1.000000	0.000000	0.017934	0.133958	263.703441	237.360329	49.823165	91.235804	72.265770	24.035588	26.343111	0.324278	0.004569	0.001058	0.003827	0.005722	0.002689	0.002446	0.039241	0.000093	0.030859	0.085121	0.014034	0.000818	0.002717	0.003976	0.002206	0.001475	0.042479	0.008107
NULL	Yes	No	M	18-44	1046596	34.542793	0.000000	1.000000	0.000000	0.018466	0.137147	274.481832	231.208311	50.011273	88.113023	68.982198	24.101816	43.273521	0.328059	0.004359	0.001136	0.004005	0.005853	0.002675	0.002523	0.039526	0.000092	0.031094	0.086692	0.014116	0.000838	0.002716	0.003973	0.002312	0.001494	0.044069	0.008301
NULL	NULL	No	M	18-44	2162795	31.859944	0.000000	0.483909	0.000000	0.017550	0.144660	224.443666	197.128376	43.579587	73.996880	55.324406	24.227502	27.315290	0.260413	0.002887	0.000884	0.002980	0.004373	0.002161	0.002085	0.035702	0.000099	0.023253	0.065137	0.010700	0.000836	0.002129	0.002970	0.001678	0.001245	0.039671	0.007637
UHC-FI	Yes	Yes	M	18-44	23737	34.982895	0.000000	1.000000	1.000000	0.016219	0.109660	321.291779	227.968361	46.052729	93.293015	69.539419	19.083196	93.323417	0.362682	0.003328	0.001390	0.004086	0.006993	0.002317	0.003665	0.045835	0.000168	0.033618	0.101318	0.015587	0.000926	0.002569	0.004128	0.003075	0.001558	0.051859	0.008130
Uni-ASO	Yes	Yes	M	18-44	65726	35.400739	0.000000	1.000000	1.000000	0.015321	0.108039	262.927178	237.339176	41.069684	96.247497	80.588583	19.433410	25.588002	0.346324	0.002708	0.001338	0.004579	0.006633	0.003119	0.002845	0.044122	0.000091	0.034217	0.100082	0.015701	0.000745	0.003697	0.003925	0.002449	0.001475	0.043939	0.007470
NULL	Yes	Yes	M	18-44	89463	35.289874	0.000000	1.000000	1.000000	0.015559	0.108469	278.412915	234.852840	42.391823	95.463591	77.656936	19.340488	43.560074	0.350664	0.002872	0.001352	0.004448	0.006729	0.002906	0.003062	0.044577	0.000111	0.034058	0.100410	0.015671	0.000793	0.003398	0.003979	0.002615	0.001497	0.046041	0.007645
NULL	NULL	Yes	M	18-44	89463	35.289874	0.000000	1.000000	1.000000	0.015559	0.108469	278.412915	234.852840	42.391823	95.463591	77.656936	19.340488	43.560074	0.350664	0.002872	0.001352	0.004448	0.006729	0.002906	0.003062	0.044577	0.000111	0.034058	0.100410	0.015671	0.000793	0.003398	0.003979	0.002615	0.001497	0.046041	0.007645
NULL	NULL	NULL	M	18-44	2252258	31.996186	0.000000	0.504408	0.039721	0.017471	0.143222	226.587404	198.626847	43.532407	74.849569	56.211486	24.033382	27.960557	0.263998	0.002887	0.000903	0.003038	0.004466	0.002191	0.002124	0.036055	0.000099	0.023682	0.066538	0.010897	0.000835	0.002180	0.003010	0.001715	0.001255	0.039924	0.007637
NULL	NULL	NULL	NULL	18-44	4449349	32.028313	0.493800	0.504405	0.052580	0.046605	0.185879	323.751040	293.562072	77.449006	100.937292	82.946708	32.229065	30.188967	0.285561	0.001685	0.000684	0.002467	0.006463	0.002548	0.001934	0.045580	0.000109	0.022843	0.058859	0.010713	0.000846	0.002180	0.002626	0.004568	0.001486	0.059945	0.007762
UHC-FI	No	No	F	45-64	202868	53.887996	1.000000	0.000000	0.000000	0.036940	0.181812	480.478964	405.080121	91.876335	165.353599	117.820604	30.029581	75.398843	0.722837	0.000581	0.003174	0.016922	0.032666	0.012697	0.007822	0.072110	0.000571	0.080530	0.220295	0.024602	0.001266	0.011623	0.009341	0.014073	0.003440	0.065244	0.009538
Uni-ASO	No	No	F	45-64	579148	54.357666	1.000000	0.000000	0.000000	0.040716	0.172171	505.469558	490.517315	111.146954	203.074423	145.192509	31.103428	14.952242	0.754858	0.000595	0.003607	0.017731	0.034764	0.013614	0.008401	0.072770	0.000789	0.082203	0.225425	0.025074	0.001690	0.011964	0.010777	0.017591	0.003629	0.071886	0.009458
NULL	No	No	F	45-64	782016	54.235826	1.000000	0.000000	0.000000	0.039737	0.174672	498.986581	468.353481	106.147834	193.289012	138.091780	30.824854	30.633099	0.746551	0.000592	0.003494	0.017521	0.034220	0.013376	0.008251	0.072599	0.000732	0.081769	0.224095	0.024952	0.001580	0.011875	0.010405	0.016678	0.003580	0.070163	0.009479
UHC-FI	Yes	No	F	45-64	294347	54.220834	1.000000	1.000000	0.000000	0.047586	0.186647	771.674371	588.851717	134.246665	250.031281	172.521857	32.051912	182.822653	0.969160	0.000835	0.003995	0.022239	0.048381	0.016072	0.009767	0.091072	0.000679	0.102406	0.282207	0.032747	0.001651	0.014326	0.013830	0.025259	0.004042	0.098176	0.011666
Uni-ASO	Yes	No	F	45-64	668842	54.357685	1.000000	1.000000	0.000000	0.050687	0.184027	719.672463	665.944364	147.564356	279.944630	203.980583	34.454793	53.728098	0.945159	0.000859	0.003739	0.020728	0.048281	0.016289	0.009574	0.089698	0.000746	0.099848	0.271397	0.031496	0.001933	0.014140	0.013485	0.023993	0.004392	0.094952	0.011313
NULL	Yes	No	F	45-64	963189	54.315864	1.000000	1.000000	0.000000	0.049739	0.184827	735.564054	642.385136	143.494519	270.803221	194.366913	33.720481	93.178917	0.952494	0.000852	0.003817	0.021190	0.048312	0.016223	0.009633	0.090118	0.000725	0.100630	0.274701	0.031878	0.001846	0.014197	0.013591	0.024380	0.004285	0.095937	0.011421
NULL	NULL	No	F	45-64	1745205	54.279999	1.000000	0.551905	0.000000	0.045257	0.180277	629.555093	564.402585	126.759691	236.069564	169.150360	32.422968	65.152507	0.860212	0.000735	0.003672	0.019546	0.041997	0.014947	0.009014	0.082268	0.000728	0.092178	0.252024	0.028774	0.001727	0.013157	0.012163	0.020929	0.003969	0.084388	0.010551
UHC-FI	Yes	Yes	F	45-64	38806	53.901870	1.000000	1.000000	1.000000	0.035844	0.137916	720.603037	546.220289	109.149512	235.530445	177.924973	23.615357	174.382747	0.863526	0.000309	0.003195	0.019069	0.049193	0.013142	0.007266	0.088723	0.000669	0.078286	0.254934	0.026903	0.000953	0.012266	0.010153	0.024171	0.003221	0.093568	0.009740
Uni-ASO	Yes	Yes	F	45-64	97789	54.164149	1.000000	1.000000	1.000000	0.038163	0.137070	679.241054	627.588709	114.327761	274.194512	213.249151	25.817283	51.652344	0.864417	0.000419	0.003037	0.018979	0.051774	0.013764	0.007567	0.086768	0.000511	0.079978	0.251316	0.027988	0.001124	0.010931	0.010532	0.022701	0.003906	0.086686	0.010062
NULL	Yes	Yes	F	45-64	136595	54.089637	1.000000	1.000000	1.000000	0.037505	0.137311	690.991800	604.472322	112.856645	263.210231	203.213717	25.191726	86.519477	0.864164	0.000388	0.003082	0.019005	0.051041	0.013587	0.007481	0.087323	0.000556	0.079497	0.252344	0.027680	0.001076	0.011310	0.010424	0.023119	0.003711	0.088641	0.009971
NULL	NULL	Yes	F	45-64	136595	54.089637	1.000000	1.000000	1.000000	0.037505	0.137311	690.991800	604.472322	112.856645	263.210231	203.213717	25.191726	86.519477	0.864164	0.000388	0.003082	0.019005	0.051041	0.013587	0.007481	0.087323	0.000556	0.079497	0.252344	0.027680	0.001076	0.011310	0.010424	0.023119	0.003711	0.088641	0.009971
NULL	NULL	NULL	F	45-64	1881800	54.266181	1.000000	0.584431	0.072587	0.044694	0.177158	634.014624	567.311143	125.750505	238.039635	171.622931	31.898071	66.703480	0.860499	0.000710	0.003630	0.019506	0.042654	0.014849	0.008903	0.082635	0.000716	0.091258	0.252048	0.028695	0.001680	0.013023	0.012037	0.021088	0.003951	0.084697	0.010509
UHC-FI	No	No	M	45-64	226406	53.940315	0.000000	0.000000	0.000000	0.039097	0.150967	411.887986	344.299130	115.156477	127.146041	78.136866	23.859744	67.588856	0.717472	0.001908	0.008440	0.038567	0.020507	0.013458	0.013762	0.048898	0.000512	0.102435	0.263473	0.021823	0.001537	0.016245	0.013444	0.004337	0.002813	0.025648	0.009823
Uni-ASO	No	No	M	45-64	453645	54.306484	0.000000	0.000000	0.000000	0.044636	0.140343	449.355283	434.096769	135.368187	168.742174	105.756491	24.229916	15.258513	0.788423	0.003577	0.008771	0.041860	0.024543	0.015148	0.015289	0.050250	0.000740	0.110053	0.274295	0.023346	0.002083	0.017784	0.016709	0.005821	0.002896	0.033263	0.009853
NULL	No	No	M	45-64	680051	54.184577	0.000000	0.000000	0.000000	0.042792	0.143880	436.881482	404.200888	128.639203	154.893780	96.561227	24.106676	32.680594	0.764802	0.003021	0.008661	0.040764	0.023199	0.014585	0.014781	0.049800	0.000664	0.107516	0.270692	0.022839	0.001901	0.017272	0.015622	0.005327	0.002868	0.030728	0.009843
UHC-FI	Yes	No	M	45-64	311076	54.160272	0.000000	1.000000	0.000000	0.052048	0.149754	703.954375	525.128076	166.590937	204.807826	128.424863	25.304447	178.826299	0.998339	0.006455	0.010849	0.057410	0.033506	0.017481	0.016973	0.061656	0.000504	0.133025	0.347394	0.031127	0.001867	0.021136	0.019615	0.007737	0.003227	0.043060	0.012154
Uni-ASO	Yes	No	M	45-64	763325	54.147211	0.000000	1.000000	0.000000	0.048372	0.135553	590.789076	540.797433	154.567023	215.855117	145.982862	24.392430	49.991642	0.941597	0.006733	0.009123	0.048947	0.032881	0.016188	0.014833	0.057590	0.000706	0.124513	0.322100	0.029266	0.002027	0.018879	0.018714	0.006879	0.003256	0.043339	0.011434
NULL	Yes	No	M	45-64	1074401	54.150992	0.000000	1.000000	0.000000	0.049436	0.139664	623.554318	536.260616	158.048359	212.656547	140.899218	24.656490	87.293701	0.958026	0.006653	0.009623	0.051397	0.033062	0.016562	0.015453	0.058767	0.000647	0.126977	0.329423	0.029805	0.001981	0.019532	0.018975	0.007127	0.003248	0.043258	0.011642
NULL	NULL	No	M	45-64	1754452	54.164010	0.000000	0.612385	0.000000	0.046861	0.141298	551.197223	485.072353	146.648944	190.266862	123.713171	24.443374	66.124870	0.883129	0.005245	0.009250	0.047276	0.029239	0.015796	0.015192	0.055291	0.000654	0.119434	0.306658	0.027105	0.001950	0.018656	0.017675	0.006429	0.003101	0.038401	0.010945
UHC-FI	Yes	Yes	M	45-64	25616	54.116216	0.000000	1.000000	1.000000	0.048797	0.128396	741.789524	555.224236	163.600712	224.206529	144.621776	22.795217	186.565288	0.972029	0.004255	0.011516	0.067731	0.035368	0.017137	0.017879	0.061172	0.000780	0.122150	0.353294	0.029707	0.001288	0.021158	0.017957	0.006948	0.002888	0.043215	0.011633
Uni-ASO	Yes	Yes	M	45-64	75909	54.053906	0.000000	1.000000	1.000000	0.042959	0.117877	588.921515	541.890316	142.591977	224.824417	153.039225	21.434694	47.031199	0.911696	0.004373	0.009985	0.055342	0.034304	0.015795	0.014306	0.058069	0.000461	0.115006	0.330421	0.027203	0.001567	0.018574	0.016598	0.006389	0.002885	0.041062	0.010670
NULL	Yes	Yes	M	45-64	101525	54.069628	0.000000	1.000000	1.000000	0.044432	0.120531	627.491985	545.254627	147.892738	224.668517	150.915400	21.777971	82.237357	0.926919	0.004343	0.010371	0.058468	0.034572	0.016133	0.015208	0.058852	0.000541	0.116808	0.336193	0.027835	0.001497	0.019226	0.016941	0.006530	0.002885	0.041605	0.010913
NULL	NULL	Yes	M	45-64	101525	54.069628	0.000000	1.000000	1.000000	0.044432	0.120531	627.491985	545.254627	147.892738	224.668517	150.915400	21.777971	82.237357	0.926919	0.004343	0.010371	0.058468	0.034572	0.016133	0.015208	0.058852	0.000541	0.116808	0.336193	0.027835	0.001497	0.019226	0.016941	0.006530	0.002885	0.041605	0.010913
NULL	NULL	NULL	M	45-64	1855977	54.158847	0.000000	0.633588	0.054701	0.046728	0.140162	555.370673	488.364422	146.716982	192.148689	125.201177	24.297572	67.006249	0.885525	0.005196	0.009311	0.047888	0.029531	0.015814	0.015193	0.055486	0.000648	0.119290	0.308274	0.027145	0.001925	0.018687	0.017635	0.006435	0.003089	0.038576	0.010943
NULL	NULL	NULL	NULL	45-64	3737777	54.212885	0.503454	0.608840	0.063706	0.045704	0.158788	594.964310	528.110491	136.161318	215.252684	148.572410	28.124076	66.853819	0.872925	0.002937	0.006451	0.033599	0.036138	0.015328	0.012026	0.069154	0.000682	0.105177	0.279966	0.027925	0.001802	0.015835	0.014817	0.013812	0.003523	0.061796	0.010724
UHC-FI	No	No	F	65+	16962	69.529949	1.000000	0.000000	0.000000	0.085838	0.232991	714.778327	579.475521	171.943993	220.072076	160.028714	27.430736	135.302806	1.459261	0.000353	0.010140	0.064673	0.069036	0.049994	0.035373	0.114432	0.014915	0.160358	0.452953	0.031246	0.003537	0.050112	0.045867	0.024407	0.005541	0.064615	0.012852
Uni-ASO	No	No	F	65+	242741	76.337903	1.000000	0.000000	0.000000	0.092493	0.215674	216.623635	199.061518	59.454722	71.752505	59.558296	8.295993	17.562116	1.213610	0.000160	0.010488	0.066107	0.054943	0.054893	0.045884	0.087809	0.034341	0.110966	0.342298	0.017557	0.003946	0.062482	0.049530	0.019856	0.005153	0.047779	0.014155
NULL	No	No	F	65+	259703	75.893254	1.000000	0.000000	0.000000	0.092059	0.216805	249.159647	223.907524	66.801741	81.439711	66.120328	9.545742	25.252122	1.229654	0.000173	0.010465	0.066013	0.055863	0.054573	0.045197	0.089548	0.033072	0.114191	0.349526	0.018451	0.003919	0.061674	0.049290	0.020153	0.005178	0.048878	0.014069
UHC-FI	Yes	No	F	65+	23624	68.077336	1.000000	1.000000	0.000000	0.086776	0.200177	1023.355942	760.962907	212.011786	306.348391	214.317736	28.284991	262.393034	1.584934	0.000465	0.009439	0.066457	0.086691	0.046647	0.029292	0.126777	0.007153	0.170123	0.488359	0.036869	0.002751	0.042245	0.042795	0.033609	0.006434	0.081188	0.015450
Uni-ASO	Yes	No	F	65+	151521	72.642993	1.000000	1.000000	0.000000	0.086073	0.188706	408.491670	351.596939	99.795923	133.677658	105.752272	12.371085	56.894730	1.240154	0.000184	0.009582	0.058605	0.065060	0.048844	0.035698	0.097201	0.023217	0.113944	0.351924	0.024471	0.003517	0.050626	0.041776	0.024042	0.005207	0.059853	0.013608
NULL	Yes	No	F	65+	175145	72.027166	1.000000	1.000000	0.000000	0.086168	0.190253	491.426116	406.813255	114.931882	156.967923	120.395856	14.517593	84.612860	1.286659	0.000222	0.009563	0.059664	0.067977	0.048548	0.034833	0.101190	0.021051	0.121522	0.370327	0.026144	0.003414	0.049496	0.041913	0.025333	0.005372	0.062730	0.013857
NULL	NULL	No	F	65+	434848	74.336099	1.000000	0.402772	0.000000	0.089686	0.206111	346.738021	297.577000	86.187259	111.860430	87.981041	11.548269	49.161020	1.252614	0.000193	0.010102	0.063456	0.060743	0.052146	0.041023	0.094237	0.028230	0.117144	0.357904	0.021550	0.003716	0.056769	0.046319	0.022239	0.005257	0.054458	0.013984
UHC-FI	Yes	Yes	F	65+	2304	67.631944	1.000000	1.000000	1.000000	0.061631	0.164062	965.404546	739.447148	202.174878	300.798437	214.097231	22.376600	225.957397	1.376736	0.000000	0.004340	0.062934	0.088541	0.044270	0.023871	0.110243	0.005642	0.120659	0.435763	0.032552	0.001736	0.037326	0.034722	0.026909	0.005208	0.073350	0.012586
Uni-ASO	Yes	Yes	F	65+	14088	70.751206	1.000000	1.000000	1.000000	0.064806	0.143952	422.310815	372.243963	91.960876	146.931165	121.816626	11.535295	50.066852	1.089579	0.000354	0.007098	0.052739	0.060973	0.039963	0.025908	0.087521	0.019449	0.097103	0.333830	0.020513	0.001277	0.042092	0.030309	0.021720	0.004542	0.055650	0.008446
NULL	Yes	Yes	F	65+	16392	70.312774	1.000000	1.000000	1.000000	0.064360	0.146778	498.646098	423.856709	107.452156	168.558190	134.787253	13.059109	74.789388	1.129941	0.000305	0.006710	0.054172	0.064848	0.040568	0.025622	0.090714	0.017508	0.100414	0.348157	0.022205	0.001342	0.041422	0.030929	0.022449	0.004636	0.058138	0.009028
NULL	NULL	Yes	F	65+	16392	70.312774	1.000000	1.000000	1.000000	0.064360	0.146778	498.646098	423.856709	107.452156	168.558190	134.787253	13.059109	74.789388	1.129941	0.000305	0.006710	0.054172	0.064848	0.040568	0.025622	0.090714	0.017508	0.100414	0.348157	0.022205	0.001342	0.041422	0.030929	0.022449	0.004636	0.058138	0.009028
NULL	NULL	NULL	F	65+	451240	74.189945	1.000000	0.424468	0.036326	0.088766	0.203955	352.256319	302.164308	86.959740	113.920065	89.681350	11.603153	50.092011	1.248158	0.000197	0.009979	0.063119	0.060892	0.051726	0.040464	0.094109	0.027841	0.116536	0.357550	0.021573	0.003629	0.056211	0.045760	0.022247	0.005234	0.054591	0.013804
UHC-FI	No	No	M	65+	19481	68.951337	0.000000	0.000000	0.000000	0.089471	0.195729	772.099096	639.256160	229.379621	241.742063	142.762955	25.371519	132.842935	1.523176	0.001180	0.021713	0.131820	0.079616	0.048816	0.047892	0.088958	0.009445	0.189928	0.468559	0.029361	0.002874	0.063703	0.054514	0.008469	0.005441	0.027513	0.014167
Uni-ASO	No	No	M	65+	179985	75.665972	0.000000	0.000000	0.000000	0.096824	0.193893	311.616915	294.535915	104.724786	108.532899	71.423180	9.855049	17.080999	1.362082	0.000950	0.020201	0.132049	0.076734	0.058954	0.059988	0.079084	0.024029	0.145362	0.345778	0.018996	0.004705	0.076517	0.063505	0.008978	0.004805	0.026302	0.014540
NULL	No	No	M	65+	199466	75.010182	0.000000	0.000000	0.000000	0.096106	0.194073	356.590261	328.203283	116.899296	121.542874	78.390634	11.370477	28.386978	1.377816	0.000972	0.020349	0.132027	0.077015	0.057964	0.058807	0.080048	0.022605	0.149714	0.357770	0.020008	0.004527	0.075265	0.062627	0.008928	0.004867	0.026420	0.014503
UHC-FI	Yes	No	M	65+	31260	68.417018	0.000000	1.000000	0.000000	0.106973	0.186148	1183.228667	905.066230	305.824151	356.536829	216.053684	26.651564	278.162436	1.808605	0.002239	0.026551	0.176775	0.105342	0.060076	0.049744	0.097696	0.005534	0.217850	0.545297	0.037140	0.003742	0.072264	0.061548	0.015419	0.005918	0.036180	0.016410
Uni-ASO	Yes	No	M	65+	185691	72.516654	0.000000	1.000000	0.000000	0.091076	0.169593	451.751499	394.545090	127.082260	150.006960	106.292149	11.163720	57.206408	1.457453	0.001734	0.019107	0.139759	0.090117	0.057024	0.050201	0.080510	0.016134	0.159426	0.395183	0.023776	0.004028	0.070956	0.058204	0.010996	0.004986	0.031929	0.014254
NULL	Yes	No	M	65+	216951	71.925946	0.000000	1.000000	0.000000	0.093366	0.171978	557.148461	468.104976	152.836792	179.765402	122.107451	13.395330	89.043484	1.508050	0.001806	0.020179	0.145092	0.092311	0.057464	0.050135	0.082986	0.014606	0.167844	0.416813	0.025701	0.003987	0.071145	0.058686	0.011633	0.005120	0.032541	0.014565
NULL	NULL	No	M	65+	416417	73.403312	0.000000	0.520994	0.000000	0.094679	0.182562	461.079996	401.091307	135.622537	151.876495	101.166858	12.425414	59.988689	1.445667	0.001407	0.020260	0.138834	0.084984	0.057704	0.054289	0.081579	0.018438	0.159160	0.388531	0.022974	0.004245	0.073119	0.060573	0.010338	0.004999	0.029609	0.014535
UHC-FI	Yes	Yes	M	65+	2446	68.123466	0.000000	1.000000	1.000000	0.106704	0.162714	1183.029581	896.221511	338.138093	324.175185	210.406982	23.501249	286.808070	1.738143	0.002452	0.018806	0.192968	0.098937	0.061324	0.054783	0.082583	0.005723	0.212183	0.563368	0.026982	0.003679	0.065821	0.057645	0.011038	0.006541	0.031479	0.015126
Uni-ASO	Yes	Yes	M	65+	14234	70.993958	0.000000	1.000000	1.000000	0.080581	0.141913	504.822490	444.273579	128.298204	180.881803	124.212116	10.881454	60.548911	1.354468	0.000772	0.019249	0.141421	0.090347	0.051636	0.041731	0.072080	0.012786	0.143389	0.392932	0.024940	0.003161	0.058521	0.047772	0.009062	0.004285	0.027047	0.011310
NULL	Yes	Yes	M	65+	16680	70.573021	0.000000	1.000000	1.000000	0.084412	0.144964	604.276599	510.548437	159.069689	201.894729	136.851963	12.732055	93.728162	1.410731	0.001019	0.019184	0.148980	0.091606	0.053057	0.043645	0.073621	0.011750	0.153477	0.417925	0.025239	0.003237	0.059592	0.049220	0.009352	0.004616	0.027697	0.011870
NULL	NULL	Yes	M	65+	16680	70.573021	0.000000	1.000000	1.000000	0.084412	0.144964	604.276599	510.548437	159.069689	201.894729	136.851963	12.732055	93.728162	1.410731	0.001019	0.019184	0.148980	0.091606	0.053057	0.043645	0.073621	0.011750	0.153477	0.417925	0.025239	0.003237	0.059592	0.049220	0.009352	0.004616	0.027697	0.011870
NULL	NULL	NULL	M	65+	433097	73.294308	0.000000	0.539442	0.038513	0.094283	0.181114	466.594972	405.306863	136.525564	153.802863	102.541210	12.437224	61.288108	1.444321	0.001392	0.020219	0.139225	0.085239	0.057525	0.053879	0.081272	0.018180	0.158941	0.389663	0.023061	0.004206	0.072598	0.060136	0.010300	0.004985	0.029536	0.014433
NULL	NULL	NULL	NULL	65+	884337	73.751314	0.510257	0.480775	0.037397	0.091468	0.192769	408.252763	352.677553	111.234207	133.452348	95.979364	12.011632	55.575210	1.344227	0.000782	0.014994	0.100391	0.072816	0.054566	0.047034	0.087822	0.023109	0.137303	0.373277	0.022302	0.003912	0.064236	0.052801	0.016396	0.005112	0.042320	0.014112
NULL	NULL	NULL	NULL	NULL	9071463	45.236566	0.499382	0.545132	0.055684	0.050608	0.175388	443.738601	395.967571	104.934213	151.209195	111.257411	28.566750	47.771030	0.630782	0.002113	0.004455	0.024841	0.025158	0.012885	0.010489	0.059412	0.002587	0.067926	0.180614	0.018935	0.001539	0.013856	0.012540	0.009530	0.002678	0.058989	0.009602
UHC-FI	NULL	No	F	18-44	581887	32.265450	1.000000	0.526246	0.000000	0.074407	0.225165	415.599521	350.171651	101.503522	114.943546	96.181745	37.542836	65.427869	0.306909	0.000421	0.000474	0.001923	0.008635	0.002912	0.001665	0.054792	0.000123	0.021751	0.050874	0.010527	0.000830	0.002062	0.002146	0.007458	0.001634	0.080807	0.008017
UHC-FI	NULL	No	F	45-64	497215	54.085033	1.000000	0.591991	0.000000	0.043242	0.184674	652.864139	513.871324	116.959206	215.482058	150.203275	31.226784	138.992814	0.868658	0.000732	0.003660	0.020069	0.041969	0.014695	0.008973	0.083336	0.000635	0.093480	0.256947	0.029423	0.001494	0.013223	0.011998	0.020695	0.003797	0.084740	0.010798
UHC-FI	NULL	No	F	65+	40586	68.684423	1.000000	0.582072	0.000000	0.086384	0.213891	894.392912	685.114362	195.266359	270.291158	191.628868	27.927975	209.278550	1.532412	0.000418	0.009732	0.065712	0.079313	0.048046	0.031833	0.121618	0.010397	0.166042	0.473562	0.034519	0.003079	0.045532	0.044079	0.029763	0.006061	0.074262	0.014364
UHC-FI	NULL	No	F	NULL	1119688	43.274878	1.000000	0.557465	0.000000	0.061002	0.206776	538.315702	435.005924	111.765538	165.220225	123.630581	34.389578	103.309777	0.600784	0.000559	0.002224	0.012293	0.026000	0.009781	0.006004	0.069890	0.000723	0.058834	0.157705	0.019788	0.001206	0.008594	0.008041	0.014145	0.002755	0.082316	0.009482
Uni-ASO	NULL	No	F	18-44	1470720	31.756835	1.000000	0.447070	0.000000	0.077121	0.237765	418.832648	401.572930	115.607912	130.072281	113.015304	42.877431	17.259717	0.301800	0.000480	0.000457	0.001854	0.008134	0.002914	0.001754	0.054262	0.000114	0.021823	0.049757	0.010330	0.000888	0.002192	0.002220	0.007280	0.001737	0.078751	0.007839
Uni-ASO	NULL	No	F	45-64	1247990	54.357676	1.000000	0.535935	0.000000	0.046060	0.178525	620.268474	584.534878	130.664328	244.271887	176.699118	32.899543	35.733595	0.856847	0.000737	0.003677	0.019337	0.042009	0.015048	0.009030	0.081842	0.000766	0.091660	0.250063	0.028516	0.001820	0.013130	0.012229	0.021022	0.004038	0.084248	0.010452
Uni-ASO	NULL	No	F	65+	394262	74.917892	1.000000	0.384315	0.000000	0.090026	0.205310	290.361496	257.683246	74.958471	95.551302	77.311357	9.862114	32.678249	1.223811	0.000169	0.010140	0.063224	0.058831	0.052569	0.041969	0.091418	0.030066	0.112110	0.345998	0.020214	0.003781	0.057925	0.046550	0.021465	0.005174	0.052419	0.013945
Uni-ASO	NULL	No	F	NULL	3112972	46.283913	1.000000	0.474748	0.000000	0.066303	0.209905	483.317199	456.698529	116.495722	171.482758	134.024183	34.695864	26.618669	0.641092	0.000543	0.002974	0.016636	0.028135	0.014067	0.009764	0.070025	0.004169	0.061255	0.167579	0.018873	0.001628	0.013636	0.011847	0.014586	0.003095	0.077620	0.009660
NULL	NULL	No	F	NULL	4232660	45.487917	1.000000	0.496630	0.000000	0.064901	0.209077	497.866245	450.960069	115.244421	169.826097	131.274709	34.614840	46.906175	0.630429	0.000547	0.002776	0.015487	0.027570	0.012933	0.008770	0.069989	0.003257	0.060615	0.164967	0.019115	0.001517	0.012302	0.010840	0.014469	0.003005	0.078862	0.009613
UHC-FI	NULL	Yes	F	18-44	45791	33.935118	1.000000	1.000000	1.000000	0.072241	0.155292	498.308351	391.981904	110.412794	134.897397	119.890013	26.781699	106.326447	0.368860	0.000218	0.000480	0.001768	0.011727	0.002991	0.001768	0.067873	0.000109	0.022908	0.063353	0.012120	0.000698	0.002489	0.002838	0.010285	0.001572	0.100696	0.007534
UHC-FI	NULL	Yes	F	45-64	38806	53.901870	1.000000	1.000000	1.000000	0.035844	0.137916	720.603037	546.220289	109.149512	235.530445	177.924973	23.615357	174.382747	0.863526	0.000309	0.003195	0.019069	0.049193	0.013142	0.007266	0.088723	0.000669	0.078286	0.254934	0.026903	0.000953	0.012266	0.010153	0.024171	0.003221	0.093568	0.009740
UHC-FI	NULL	Yes	F	65+	2304	67.631944	1.000000	1.000000	1.000000	0.061631	0.164062	965.404546	739.447148	202.174878	300.798437	214.097231	22.376600	225.957397	1.376736	0.000000	0.004340	0.062934	0.088541	0.044270	0.023871	0.110243	0.005642	0.120659	0.435763	0.032552	0.001736	0.037326	0.034722	0.026909	0.005208	0.073350	0.012586
UHC-FI	NULL	Yes	F	NULL	86901	43.744755	1.000000	1.000000	1.000000	0.055707	0.147765	609.959048	470.070012	112.281552	184.234022	148.303473	25.250964	139.889035	0.616477	0.000253	0.001795	0.011116	0.030494	0.008619	0.004810	0.078307	0.000506	0.050229	0.158778	0.019263	0.000840	0.007778	0.006950	0.016927	0.002405	0.096788	0.008653
Uni-ASO	NULL	Yes	F	18-44	98693	34.524211	1.000000	1.000000	1.000000	0.080917	0.168704	501.682214	471.059684	125.693673	163.776049	149.812269	31.777690	30.622530	0.371145	0.000354	0.000395	0.002087	0.011875	0.002908	0.001945	0.068930	0.000151	0.025300	0.064249	0.012635	0.000658	0.002543	0.002624	0.009585	0.002087	0.094677	0.008065
Uni-ASO	NULL	Yes	F	45-64	97789	54.164149	1.000000	1.000000	1.000000	0.038163	0.137070	679.241054	627.588709	114.327761	274.194512	213.249151	25.817283	51.652344	0.864417	0.000419	0.003037	0.018979	0.051774	0.013764	0.007567	0.086768	0.000511	0.079978	0.251316	0.027988	0.001124	0.010931	0.010532	0.022701	0.003906	0.086686	0.010062
Uni-ASO	NULL	Yes	F	65+	14088	70.751206	1.000000	1.000000	1.000000	0.064806	0.143952	422.310815	372.243963	91.960876	146.931165	121.816626	11.535295	50.066852	1.089579	0.000354	0.007098	0.052739	0.060973	0.039963	0.025908	0.087521	0.019449	0.097103	0.333830	0.020513	0.001277	0.042092	0.030309	0.021720	0.004542	0.055650	0.008446
Uni-ASO	NULL	Yes	F	NULL	210570	46.068760	1.000000	1.000000	1.000000	0.059984	0.152357	578.830512	537.140802	118.158465	213.927544	177.399421	27.655370	41.689710	0.648287	0.000384	0.002070	0.013320	0.033689	0.010428	0.006159	0.078458	0.001609	0.055496	0.169159	0.020292	0.000916	0.009084	0.008149	0.016488	0.003096	0.088355	0.009018
NULL	NULL	Yes	F	NULL	297471	45.389843	1.000000	1.000000	1.000000	0.058735	0.151016	587.924175	517.547232	116.441627	205.253096	168.899544	26.952964	70.376942	0.638995	0.000346	0.001990	0.012676	0.032756	0.009900	0.005765	0.078414	0.001287	0.053958	0.166127	0.019991	0.000894	0.008703	0.007799	0.016616	0.002894	0.090818	0.008911
NULL	NULL	NULL	F	NULL	4530131	45.481477	1.000000	0.529683	0.065664	0.064496	0.205265	503.779898	455.332515	115.323036	172.152411	133.745343	34.111723	48.447383	0.630992	0.000534	0.002724	0.015302	0.027911	0.012734	0.008572	0.070542	0.003128	0.060178	0.165043	0.019172	0.001476	0.012066	0.010640	0.014610	0.002998	0.079647	0.009567
UHC-FI	NULL	No	M	18-44	647438	32.329373	0.000000	0.476459	0.000000	0.017302	0.149934	230.108897	176.769342	41.066032	64.034885	47.867911	23.800513	53.339554	0.260039	0.002403	0.000969	0.003220	0.004411	0.002134	0.002119	0.035430	0.000089	0.023194	0.067933	0.010902	0.000729	0.002083	0.002826	0.001725	0.001283	0.038958	0.007974
UHC-FI	NULL	No	M	45-64	537482	54.067619	0.000000	0.578765	0.000000	0.046593	0.150265	580.925915	448.956672	144.924964	172.093997	107.241821	24.695888	131.969242	0.880028	0.004539	0.009834	0.049473	0.028030	0.015786	0.015620	0.056282	0.000507	0.120139	0.312043	0.027208	0.001728	0.019075	0.017016	0.006305	0.003053	0.035725	0.011172
UHC-FI	NULL	No	M	65+	50741	68.622159	0.000000	0.616069	0.000000	0.100254	0.189826	1025.383627	803.013729	276.474791	312.463657	187.915163	26.160116	222.369898	1.699020	0.001832	0.024694	0.159515	0.095465	0.055753	0.049033	0.094341	0.007035	0.207130	0.515835	0.034153	0.003409	0.068977	0.058847	0.012751	0.005735	0.032853	0.015549
UHC-FI	NULL	No	M	NULL	1235661	43.275294	0.000000	0.526693	0.000000	0.033449	0.151716	415.362674	320.880111	95.908891	121.239371	79.444974	24.286874	94.482562	0.588809	0.003309	0.005800	0.029757	0.018424	0.010274	0.009918	0.046919	0.000556	0.072916	0.192508	0.018950	0.001273	0.012221	0.011299	0.004170	0.002236	0.037301	0.009676
Uni-ASO	NULL	No	M	18-44	1515357	31.659379	0.000000	0.487091	0.000000	0.017657	0.142407	222.023190	205.826796	44.653506	78.253154	58.510201	24.409933	16.196393	0.260573	0.003094	0.000848	0.002877	0.004356	0.002173	0.002070	0.035819	0.000103	0.023279	0.063942	0.010614	0.000882	0.002149	0.003032	0.001658	0.001228	0.039976	0.007493
Uni-ASO	NULL	No	M	45-64	1216970	54.206582	0.000000	0.627234	0.000000	0.046979	0.137338	538.067371	501.023057	147.410350	198.293015	130.987840	24.331850	37.044313	0.884499	0.005557	0.008992	0.046305	0.029773	0.015800	0.015003	0.054854	0.000718	0.119122	0.304280	0.027059	0.002048	0.018471	0.017966	0.006484	0.003122	0.039583	0.010844
Uni-ASO	NULL	No	M	65+	365676	74.066742	0.000000	0.507801	0.000000	0.093905	0.181554	382.777536	345.320773	116.077956	129.593510	89.129712	10.519595	37.456762	1.410512	0.001348	0.019645	0.135964	0.083530	0.057974	0.055018	0.079808	0.020020	0.152503	0.370866	0.021423	0.004361	0.073693	0.060813	0.010003	0.004897	0.029159	0.014395
Uni-ASO	NULL	No	M	NULL	3098003	45.522059	0.000000	0.544587	0.000000	0.038175	0.145036	365.147742	338.252295	93.449522	131.467707	90.595365	22.739699	26.895447	0.641400	0.003856	0.006266	0.035646	0.023686	0.014112	0.013400	0.048488	0.002696	0.076181	0.194580	0.018350	0.001751	0.017005	0.015719	0.004539	0.002405	0.038545	0.009624
NULL	NULL	No	M	NULL	4333664	44.881437	0.000000	0.539485	0.000000	0.036828	0.146941	379.465565	333.298951	94.150764	128.551294	87.416045	23.180846	46.166614	0.626405	0.003700	0.006133	0.033967	0.022185	0.013018	0.012407	0.048041	0.002086	0.075250	0.193989	0.018521	0.001615	0.015641	0.014458	0.004434	0.002357	0.038190	0.009639
UHC-FI	NULL	Yes	M	18-44	23737	34.982895	0.000000	1.000000	1.000000	0.016219	0.109660	321.291779	227.968361	46.052729	93.293015	69.539419	19.083196	93.323417	0.362682	0.003328	0.001390	0.004086	0.006993	0.002317	0.003665	0.045835	0.000168	0.033618	0.101318	0.015587	0.000926	0.002569	0.004128	0.003075	0.001558	0.051859	0.008130
UHC-FI	NULL	Yes	M	45-64	25616	54.116216	0.000000	1.000000	1.000000	0.048797	0.128396	741.789524	555.224236	163.600712	224.206529	144.621776	22.795217	186.565288	0.972029	0.004255	0.011516	0.067731	0.035368	0.017137	0.017879	0.061172	0.000780	0.122150	0.353294	0.029707	0.001288	0.021158	0.017957	0.006948	0.002888	0.043215	0.011633
UHC-FI	NULL	Yes	M	65+	2446	68.123466	0.000000	1.000000	1.000000	0.106704	0.162714	1183.029581	896.221511	338.138093	324.175185	210.406982	23.501249	286.808070	1.738143	0.002452	0.018806	0.192968	0.098937	0.061324	0.054783	0.082583	0.005723	0.212183	0.563368	0.026982	0.003679	0.065821	0.057645	0.011038	0.006541	0.031479	0.015126
UHC-FI	NULL	Yes	M	NULL	51799	46.009768	0.000000	1.000000	1.000000	0.036603	0.121430	569.931345	421.360776	117.975931	168.935757	113.321572	21.127515	148.570569	0.728971	0.003745	0.007220	0.044479	0.025367	0.012432	0.013108	0.055155	0.000733	0.085831	0.247746	0.023108	0.001235	0.014749	0.013494	0.005366	0.002451	0.046622	0.010193
Uni-ASO	NULL	Yes	M	18-44	65726	35.400739	0.000000	1.000000	1.000000	0.015321	0.108039	262.927178	237.339176	41.069684	96.247497	80.588583	19.433410	25.588002	0.346324	0.002708	0.001338	0.004579	0.006633	0.003119	0.002845	0.044122	0.000091	0.034217	0.100082	0.015701	0.000745	0.003697	0.003925	0.002449	0.001475	0.043939	0.007470
Uni-ASO	NULL	Yes	M	45-64	75909	54.053906	0.000000	1.000000	1.000000	0.042959	0.117877	588.921515	541.890316	142.591977	224.824417	153.039225	21.434694	47.031199	0.911696	0.004373	0.009985	0.055342	0.034304	0.015795	0.014306	0.058069	0.000461	0.115006	0.330421	0.027203	0.001567	0.018574	0.016598	0.006389	0.002885	0.041062	0.010670
Uni-ASO	NULL	Yes	M	65+	14234	70.993958	0.000000	1.000000	1.000000	0.080581	0.141913	504.822490	444.273579	128.298204	180.881803	124.212116	10.881454	60.548911	1.354468	0.000772	0.019249	0.141421	0.090347	0.051636	0.041731	0.072080	0.012786	0.143389	0.392932	0.024940	0.003161	0.058521	0.047772	0.009062	0.004285	0.027047	0.011310
Uni-ASO	NULL	Yes	M	NULL	155869	47.735309	0.000000	1.000000	1.000000	0.034740	0.115924	443.778033	404.554445	98.477292	166.593943	119.856129	19.627079	39.223588	0.713727	0.003342	0.007185	0.041797	0.027754	0.013723	0.011978	0.053467	0.001430	0.083531	0.239001	0.022146	0.001366	0.015949	0.014101	0.004972	0.002418	0.040995	0.009379
NULL	NULL	Yes	M	NULL	207668	47.304904	0.000000	1.000000	1.000000	0.035205	0.117297	475.244679	408.746478	103.340872	167.178066	118.226203	20.001335	66.498201	0.717529	0.003442	0.007194	0.042466	0.027158	0.013401	0.012259	0.053888	0.001256	0.084105	0.241183	0.022386	0.001333	0.015649	0.013950	0.005070	0.002426	0.042399	0.009582
NULL	NULL	NULL	M	NULL	4541332	44.992259	0.000000	0.560543	0.045728	0.036753	0.145585	383.845394	336.749048	94.571013	130.317635	88.824945	23.035452	47.096345	0.630572	0.003688	0.006181	0.034355	0.022413	0.013036	0.012401	0.048308	0.002048	0.075655	0.196147	0.018698	0.001602	0.015642	0.014435	0.004463	0.002360	0.038383	0.009636
UHC-FI	No	NULL	F	18-44	275671	30.829833	1.000000	0.000000	0.000000	0.066227	0.225355	331.412406	294.115937	87.358909	92.651826	77.648118	36.457082	37.296468	0.240072	0.000275	0.000362	0.001316	0.006119	0.002423	0.001291	0.046573	0.000141	0.015888	0.036409	0.008412	0.000772	0.001621	0.001385	0.004795	0.001454	0.065654	0.007178
Uni-ASO	No	NULL	F	18-44	813204	30.027295	1.000000	0.000000	0.000000	0.065118	0.232781	340.613421	331.856886	94.249411	105.680248	91.029803	40.897422	8.756535	0.250879	0.000355	0.000332	0.001422	0.006104	0.002361	0.001400	0.048729	0.000100	0.016805	0.037277	0.008149	0.000889	0.001760	0.001704	0.005414	0.001430	0.070527	0.007203
NULL	No	NULL	F	18-44	1088875	30.230474	1.000000	0.000000	0.000000	0.065399	0.230901	338.283996	322.301992	92.504940	102.381837	87.641955	39.773259	15.982003	0.248143	0.000335	0.000339	0.001395	0.006108	0.002376	0.001372	0.048183	0.000111	0.016573	0.037057	0.008215	0.000859	0.001725	0.001623	0.005257	0.001436	0.069293	0.007197
UHC-FI	No	NULL	M	18-44	338960	30.422108	0.000000	0.000000	0.000000	0.015084	0.154625	166.255348	140.622573	32.515597	48.922203	35.802683	23.382088	25.632774	0.189904	0.001079	0.000649	0.002118	0.002814	0.001672	0.001584	0.031083	0.000088	0.015494	0.047442	0.007800	0.000584	0.001510	0.001787	0.000961	0.001050	0.030844	0.007254
Uni-ASO	No	NULL	M	18-44	777239	28.874387	0.000000	0.000000	0.000000	0.017393	0.150431	182.440843	175.880449	39.744053	65.923963	45.446996	24.765435	6.560393	0.200074	0.001694	0.000649	0.001976	0.003059	0.001682	0.001713	0.032569	0.000113	0.016079	0.043828	0.007365	0.000944	0.001609	0.002135	0.001137	0.000994	0.037598	0.006910
NULL	No	NULL	M	18-44	1116199	29.344389	0.000000	0.000000	0.000000	0.016692	0.151705	177.525738	165.173568	37.548963	60.760980	42.518274	24.345350	12.352169	0.196986	0.001507	0.000649	0.002019	0.002985	0.001679	0.001674	0.032117	0.000105	0.015902	0.044925	0.007497	0.000834	0.001579	0.002030	0.001084	0.001011	0.035547	0.007014
NULL	No	NULL	NULL	18-44	2205074	29.781942	0.493804	0.000000	0.000000	0.040744	0.190812	256.908855	242.764258	64.686460	81.313538	64.800542	31.963717	14.144597	0.222247	0.000928	0.000496	0.001711	0.004527	0.002023	0.001525	0.040051	0.000108	0.016233	0.041040	0.007852	0.000847	0.001651	0.001829	0.003145	0.001221	0.052211	0.007104
UHC-FI	No	NULL	F	45-64	202868	53.887996	1.000000	0.000000	0.000000	0.036940	0.181812	480.478964	405.080121	91.876335	165.353599	117.820604	30.029581	75.398843	0.722837	0.000581	0.003174	0.016922	0.032666	0.012697	0.007822	0.072110	0.000571	0.080530	0.220295	0.024602	0.001266	0.011623	0.009341	0.014073	0.003440	0.065244	0.009538
Uni-ASO	No	NULL	F	45-64	579148	54.357666	1.000000	0.000000	0.000000	0.040716	0.172171	505.469558	490.517315	111.146954	203.074423	145.192509	31.103428	14.952242	0.754858	0.000595	0.003607	0.017731	0.034764	0.013614	0.008401	0.072770	0.000789	0.082203	0.225425	0.025074	0.001690	0.011964	0.010777	0.017591	0.003629	0.071886	0.009458
NULL	No	NULL	F	45-64	782016	54.235826	1.000000	0.000000	0.000000	0.039737	0.174672	498.986581	468.353481	106.147834	193.289012	138.091780	30.824854	30.633099	0.746551	0.000592	0.003494	0.017521	0.034220	0.013376	0.008251	0.072599	0.000732	0.081769	0.224095	0.024952	0.001580	0.011875	0.010405	0.016678	0.003580	0.070163	0.009479
UHC-FI	No	NULL	M	45-64	226406	53.940315	0.000000	0.000000	0.000000	0.039097	0.150967	411.887986	344.299130	115.156477	127.146041	78.136866	23.859744	67.588856	0.717472	0.001908	0.008440	0.038567	0.020507	0.013458	0.013762	0.048898	0.000512	0.102435	0.263473	0.021823	0.001537	0.016245	0.013444	0.004337	0.002813	0.025648	0.009823
Uni-ASO	No	NULL	M	45-64	453645	54.306484	0.000000	0.000000	0.000000	0.044636	0.140343	449.355283	434.096769	135.368187	168.742174	105.756491	24.229916	15.258513	0.788423	0.003577	0.008771	0.041860	0.024543	0.015148	0.015289	0.050250	0.000740	0.110053	0.274295	0.023346	0.002083	0.017784	0.016709	0.005821	0.002896	0.033263	0.009853
NULL	No	NULL	M	45-64	680051	54.184577	0.000000	0.000000	0.000000	0.042792	0.143880	436.881482	404.200888	128.639203	154.893780	96.561227	24.106676	32.680594	0.764802	0.003021	0.008661	0.040764	0.023199	0.014585	0.014781	0.049800	0.000664	0.107516	0.270692	0.022839	0.001901	0.017272	0.015622	0.005327	0.002868	0.030728	0.009843
NULL	No	NULL	NULL	45-64	1462067	54.211988	0.534870	0.000000	0.000000	0.041158	0.160350	470.099646	438.514195	116.609241	175.430243	118.774680	27.700029	31.585450	0.755040	0.001722	0.005897	0.028332	0.029094	0.013939	0.011288	0.061995	0.000701	0.093745	0.245769	0.023969	0.001729	0.014385	0.012831	0.011398	0.003249	0.051821	0.009648
UHC-FI	No	NULL	F	65+	16962	69.529949	1.000000	0.000000	0.000000	0.085838	0.232991	714.778327	579.475521	171.943993	220.072076	160.028714	27.430736	135.302806	1.459261	0.000353	0.010140	0.064673	0.069036	0.049994	0.035373	0.114432	0.014915	0.160358	0.452953	0.031246	0.003537	0.050112	0.045867	0.024407	0.005541	0.064615	0.012852
Uni-ASO	No	NULL	F	65+	242741	76.337903	1.000000	0.000000	0.000000	0.092493	0.215674	216.623635	199.061518	59.454722	71.752505	59.558296	8.295993	17.562116	1.213610	0.000160	0.010488	0.066107	0.054943	0.054893	0.045884	0.087809	0.034341	0.110966	0.342298	0.017557	0.003946	0.062482	0.049530	0.019856	0.005153	0.047779	0.014155
NULL	No	NULL	F	65+	259703	75.893254	1.000000	0.000000	0.000000	0.092059	0.216805	249.159647	223.907524	66.801741	81.439711	66.120328	9.545742	25.252122	1.229654	0.000173	0.010465	0.066013	0.055863	0.054573	0.045197	0.089548	0.033072	0.114191	0.349526	0.018451	0.003919	0.061674	0.049290	0.020153	0.005178	0.048878	0.014069
UHC-FI	No	NULL	M	65+	19481	68.951337	0.000000	0.000000	0.000000	0.089471	0.195729	772.099096	639.256160	229.379621	241.742063	142.762955	25.371519	132.842935	1.523176	0.001180	0.021713	0.131820	0.079616	0.048816	0.047892	0.088958	0.009445	0.189928	0.468559	0.029361	0.002874	0.063703	0.054514	0.008469	0.005441	0.027513	0.014167
Uni-ASO	No	NULL	M	65+	179985	75.665972	0.000000	0.000000	0.000000	0.096824	0.193893	311.616915	294.535915	104.724786	108.532899	71.423180	9.855049	17.080999	1.362082	0.000950	0.020201	0.132049	0.076734	0.058954	0.059988	0.079084	0.024029	0.145362	0.345778	0.018996	0.004705	0.076517	0.063505	0.008978	0.004805	0.026302	0.014540
NULL	No	NULL	M	65+	199466	75.010182	0.000000	0.000000	0.000000	0.096106	0.194073	356.590261	328.203283	116.899296	121.542874	78.390634	11.370477	28.386978	1.377816	0.000972	0.020349	0.132027	0.077015	0.057964	0.058807	0.080048	0.022605	0.149714	0.357770	0.020008	0.004527	0.075265	0.062627	0.008928	0.004867	0.026420	0.014503
NULL	No	NULL	NULL	65+	459169	75.509642	0.565593	0.000000	0.000000	0.093817	0.206930	295.828204	269.214280	88.564445	98.860786	71.450628	10.338419	26.613924	1.294017	0.000520	0.014759	0.094690	0.065052	0.056046	0.051109	0.085421	0.028525	0.129623	0.353107	0.019128	0.004183	0.067578	0.055084	0.015277	0.005043	0.039122	0.014258
NULL	No	NULL	NULL	NULL	4126310	43.526694	0.516343	0.000000	0.000000	0.046796	0.181812	336.779194	315.067249	85.741256	116.614347	84.665099	28.046546	21.711945	0.530295	0.001164	0.003997	0.021490	0.019967	0.012257	0.010502	0.052875	0.003480	0.056315	0.148307	0.014817	0.001531	0.013499	0.011653	0.007419	0.002365	0.050616	0.008802
UHC-FI	Yes	NULL	F	18-44	352007	33.606939	1.000000	1.000000	0.130085	0.080532	0.215927	492.289093	399.510068	113.739711	134.996805	113.780284	36.993266	92.779025	0.367310	0.000508	0.000562	0.002377	0.011008	0.003306	0.001971	0.062930	0.000107	0.026493	0.063825	0.012391	0.000857	0.002463	0.002832	0.009911	0.001767	0.095262	0.008610
Uni-ASO	Yes	NULL	F	18-44	756209	33.977900	1.000000	1.000000	0.130510	0.090523	0.234111	513.759923	485.612160	139.892485	160.701412	141.460218	43.558042	28.147763	0.365609	0.000597	0.000584	0.002349	0.010805	0.003509	0.002160	0.062127	0.000134	0.027673	0.065069	0.012977	0.000858	0.002702	0.002827	0.009587	0.002114	0.089673	0.008553
NULL	Yes	NULL	F	18-44	1108216	33.860070	1.000000	1.000000	0.130375	0.087350	0.228335	506.940059	458.263214	131.585477	152.536757	132.668132	41.472846	48.676844	0.366150	0.000569	0.000577	0.002358	0.010869	0.003445	0.002100	0.062382	0.000126	0.027298	0.064674	0.012791	0.000858	0.002626	0.002828	0.009690	0.002004	0.091448	0.008571
UHC-FI	Yes	NULL	M	18-44	332215	34.464957	0.000000	1.000000	0.071450	0.019487	0.142269	301.773955	217.308210	50.146370	81.544915	61.726545	23.890378	84.465744	0.338932	0.003819	0.001327	0.004406	0.006224	0.002618	0.002775	0.040609	0.000096	0.031795	0.091227	0.014403	0.000890	0.002703	0.003979	0.002600	0.001541	0.048158	0.008720
Uni-ASO	Yes	NULL	M	18-44	803844	34.658107	0.000000	1.000000	0.081764	0.017721	0.131839	263.639970	237.358599	49.107440	91.645583	72.946281	23.659293	26.281370	0.326081	0.004417	0.001081	0.003888	0.005797	0.002724	0.002479	0.039640	0.000093	0.031134	0.086345	0.014170	0.000812	0.002797	0.003972	0.002226	0.001475	0.042599	0.008055
NULL	Yes	NULL	M	18-44	1136059	34.601625	0.000000	1.000000	0.078748	0.018237	0.134889	274.791399	231.495312	49.411252	88.691869	69.665321	23.726868	43.296087	0.329839	0.004242	0.001153	0.004040	0.005922	0.002693	0.002565	0.039923	0.000094	0.031327	0.087772	0.014238	0.000835	0.002770	0.003974	0.002336	0.001494	0.044224	0.008249
NULL	Yes	NULL	NULL	18-44	2244275	34.235447	0.493796	1.000000	0.104241	0.052365	0.181032	389.425684	343.472595	89.988628	120.218276	100.775913	32.489777	45.953088	0.347769	0.002428	0.000868	0.003209	0.008365	0.003064	0.002336	0.051013	0.000110	0.029338	0.076366	0.013524	0.000846	0.002699	0.003408	0.005967	0.001746	0.067543	0.008408
UHC-FI	Yes	NULL	F	45-64	333153	54.183681	1.000000	1.000000	0.116481	0.046219	0.180970	765.725530	583.885965	131.323323	248.342209	173.151218	31.069214	181.839564	0.956856	0.000774	0.003902	0.021869	0.048476	0.015731	0.009476	0.090799	0.000678	0.099596	0.279030	0.032066	0.001569	0.014086	0.013402	0.025132	0.003947	0.097639	0.011442
Uni-ASO	Yes	NULL	F	45-64	766631	54.332998	1.000000	1.000000	0.127556	0.049090	0.178037	714.515161	661.051839	143.324802	279.211164	205.162852	33.353020	53.463321	0.934860	0.000803	0.003649	0.020505	0.048727	0.015967	0.009318	0.089324	0.000716	0.097314	0.268835	0.031048	0.001830	0.013731	0.013109	0.023828	0.004330	0.093897	0.011153
NULL	Yes	NULL	F	45-64	1099784	54.287766	1.000000	1.000000	0.124201	0.048220	0.178926	730.028106	637.676302	139.689244	269.860159	195.465701	32.661196	92.351803	0.941523	0.000794	0.003726	0.020918	0.048651	0.015895	0.009366	0.089771	0.000704	0.098005	0.271924	0.031357	0.001751	0.013839	0.013198	0.024223	0.004214	0.095031	0.011241
UHC-FI	Yes	NULL	M	45-64	336692	54.156920	0.000000	1.000000	0.076081	0.051801	0.148129	706.832926	527.417834	166.363436	206.283707	129.657147	25.113542	179.415092	0.996337	0.006287	0.010900	0.058195	0.033647	0.017455	0.017042	0.061620	0.000525	0.132197	0.347843	0.031019	0.001823	0.021138	0.019489	0.007677	0.003201	0.043072	0.012114
Uni-ASO	Yes	NULL	M	45-64	839234	54.138771	0.000000	1.000000	0.090450	0.047882	0.133954	590.620154	540.896285	153.483876	216.666393	146.621113	24.124901	49.723869	0.938893	0.006520	0.009201	0.049526	0.033009	0.016152	0.014786	0.057633	0.000683	0.123653	0.322852	0.029080	0.001986	0.018851	0.018522	0.006834	0.003223	0.043133	0.011365
NULL	Yes	NULL	M	45-64	1175926	54.143968	0.000000	1.000000	0.086336	0.049004	0.138012	623.894281	537.037125	157.171561	213.693615	141.763978	24.407970	86.857155	0.955340	0.006453	0.009687	0.052008	0.033192	0.016525	0.015432	0.058774	0.000638	0.126099	0.330008	0.029635	0.001939	0.019506	0.018799	0.007076	0.003217	0.043115	0.011579
NULL	Yes	NULL	NULL	45-64	2275710	54.213461	0.483270	1.000000	0.104635	0.048625	0.157785	675.185650	585.673092	148.722869	240.837261	167.716448	28.396512	89.512558	0.948663	0.003718	0.006806	0.036983	0.040663	0.016221	0.012500	0.073754	0.000670	0.112522	0.301937	0.030467	0.001848	0.016767	0.016092	0.015363	0.003699	0.068205	0.011416
UHC-FI	Yes	NULL	F	65+	25928	68.037758	1.000000	1.000000	0.088861	0.084541	0.196968	1018.206296	759.050985	211.137664	305.855214	214.298141	27.759963	259.155310	1.566433	0.000424	0.008986	0.066144	0.086855	0.046436	0.028810	0.125308	0.007019	0.165728	0.483685	0.036485	0.002661	0.041808	0.042078	0.033014	0.006325	0.080492	0.015195
Uni-ASO	Yes	NULL	F	65+	165609	72.482063	1.000000	1.000000	0.085067	0.084264	0.184899	409.667234	353.353337	99.129412	134.805105	107.118832	12.299986	56.313897	1.227345	0.000199	0.009371	0.058106	0.064712	0.048089	0.034865	0.096377	0.022897	0.112512	0.350385	0.024135	0.003327	0.049900	0.040800	0.023845	0.005150	0.059495	0.013169
NULL	Yes	NULL	F	65+	191537	71.880446	1.000000	1.000000	0.085581	0.084302	0.186533	492.044012	408.271857	114.291757	157.959834	121.627491	14.392774	83.772154	1.273247	0.000229	0.009319	0.059194	0.067710	0.047865	0.034045	0.100293	0.020747	0.119715	0.368430	0.025807	0.003236	0.048805	0.040973	0.025086	0.005309	0.062337	0.013443
UHC-FI	Yes	NULL	M	65+	33706	68.395715	0.000000	1.000000	0.072568	0.106954	0.184447	1183.214219	904.424380	308.169131	354.188387	215.643910	26.422950	278.789838	1.803491	0.002254	0.025989	0.177950	0.104877	0.060167	0.050109	0.096600	0.005547	0.217439	0.546608	0.036403	0.003738	0.071797	0.061265	0.015101	0.005963	0.035839	0.016317
Uni-ASO	Yes	NULL	M	65+	199925	72.408243	0.000000	1.000000	0.071196	0.090328	0.167622	455.529978	398.085595	127.168831	152.205147	107.567991	11.143623	57.444383	1.450121	0.001665	0.019117	0.139877	0.090133	0.056641	0.049598	0.079909	0.015895	0.158284	0.395023	0.023858	0.003966	0.070071	0.057461	0.010859	0.004936	0.031581	0.014045
NULL	Yes	NULL	M	65+	233631	71.829354	0.000000	1.000000	0.071394	0.092727	0.170050	560.513157	471.135212	153.281788	181.345317	123.160130	13.347975	89.377945	1.501102	0.001750	0.020108	0.145370	0.092260	0.057149	0.049672	0.082317	0.014403	0.166818	0.416892	0.025668	0.003933	0.070320	0.058010	0.011471	0.005084	0.032196	0.014373
NULL	Yes	NULL	NULL	65+	425168	71.852371	0.450497	1.000000	0.077785	0.088931	0.177475	529.667998	442.815446	135.716887	170.810222	122.469680	13.818654	86.852552	1.398454	0.001065	0.015248	0.106548	0.081200	0.052967	0.042632	0.090416	0.017261	0.145598	0.395060	0.025731	0.003619	0.060627	0.050335	0.017604	0.005186	0.045774	0.013954
NULL	Yes	NULL	NULL	NULL	4945153	46.663309	0.485230	1.000000	0.102148	0.053788	0.170028	532.987138	463.472016	120.949104	180.075657	133.446437	29.000816	69.515122	0.714629	0.002905	0.004837	0.027636	0.029490	0.013409	0.010478	0.064866	0.001842	0.077614	0.207572	0.022370	0.001546	0.014153	0.013280	0.011291	0.002940	0.065976	0.010269
UHC-FI	NULL	NULL	F	18-44	627678	32.387257	1.000000	0.560808	0.072953	0.074249	0.220068	421.633379	353.221835	102.153480	116.399240	97.911335	36.757778	68.411544	0.311428	0.000406	0.000474	0.001911	0.008861	0.002918	0.001672	0.055746	0.000122	0.021836	0.051784	0.010643	0.000820	0.002093	0.002196	0.007664	0.001629	0.082258	0.007981
UHC-FI	NULL	NULL	M	18-44	671175	32.423218	0.000000	0.494975	0.035366	0.017263	0.148509	233.333702	178.580064	41.242393	65.069638	48.634352	23.633679	54.753637	0.263669	0.002436	0.000984	0.003251	0.004502	0.002141	0.002173	0.035798	0.000092	0.023563	0.069114	0.011068	0.000736	0.002100	0.002872	0.001773	0.001293	0.039414	0.007980
UHC-FI	NULL	NULL	NULL	18-44	1298853	32.405840	0.483255	0.526789	0.053530	0.044802	0.183090	324.330577	262.976680	70.678018	89.874956	72.447731	29.975974	61.353897	0.286749	0.001455	0.000738	0.002603	0.006608	0.002516	0.001931	0.045438	0.000107	0.022728	0.060739	0.010863	0.000776	0.002097	0.002546	0.004620	0.001455	0.060119	0.007980
UHC-FI	NULL	NULL	F	45-64	536021	54.071773	1.000000	0.621529	0.072396	0.042707	0.181289	657.768192	516.213273	116.393812	216.933489	152.210227	30.675744	141.554918	0.868286	0.000701	0.003626	0.019997	0.042492	0.014583	0.008850	0.083726	0.000638	0.092380	0.256801	0.029241	0.001455	0.013154	0.011865	0.020946	0.003755	0.085379	0.010721
UHC-FI	NULL	NULL	M	45-64	563098	54.069829	0.000000	0.597927	0.045491	0.046693	0.149270	588.243792	453.790910	145.774546	174.464659	108.942279	24.609424	134.452881	0.884213	0.004526	0.009911	0.050303	0.028364	0.015848	0.015723	0.056505	0.000520	0.120231	0.313920	0.027322	0.001708	0.019170	0.017059	0.006334	0.003045	0.036066	0.011193
UHC-FI	NULL	NULL	NULL	45-64	1099119	54.070777	0.487682	0.609438	0.058612	0.044749	0.164885	622.149619	484.233199	131.446079	195.175960	130.043296	27.567862	137.916420	0.876446	0.002661	0.006846	0.035523	0.035254	0.015231	0.012371	0.069780	0.000577	0.106649	0.286064	0.028258	0.001584	0.016236	0.014526	0.013460	0.003391	0.060115	0.010963
UHC-FI	NULL	NULL	F	65+	42890	68.627885	1.000000	0.604523	0.053718	0.085054	0.211214	898.207573	688.033055	195.637477	271.929973	192.835842	27.629761	210.174518	1.524049	0.000396	0.009442	0.065563	0.079808	0.047843	0.031405	0.121007	0.010142	0.163604	0.471531	0.034413	0.003007	0.045092	0.043576	0.029610	0.006015	0.074213	0.014269
UHC-FI	NULL	NULL	M	65+	53187	68.599225	0.000000	0.633726	0.045988	0.100550	0.188579	1032.633557	807.300232	279.310605	313.002255	188.949532	26.037839	225.333324	1.700819	0.001861	0.024423	0.161054	0.095624	0.056009	0.049297	0.093801	0.006975	0.207362	0.518021	0.033824	0.003421	0.068832	0.058792	0.012672	0.005772	0.032789	0.015530
UHC-FI	NULL	NULL	NULL	65+	96077	68.612019	0.446412	0.620689	0.049439	0.093633	0.198684	972.624081	754.057840	241.957851	294.667064	190.684430	26.748493	218.566239	1.621907	0.001207	0.017735	0.118425	0.088564	0.052364	0.041310	0.105946	0.008389	0.187828	0.497267	0.034087	0.003236	0.058234	0.051999	0.020233	0.005880	0.051281	0.014967
UHC-FI	NULL	NULL	NULL	NULL	2494049	43.348257	0.483787	0.566829	0.055612	0.046660	0.175668	480.552312	379.401356	104.056425	144.169858	102.384676	28.790396	101.150955	0.598060	0.001977	0.004084	0.021573	0.022390	0.010040	0.008049	0.058496	0.000633	0.066072	0.176855	0.019423	0.001227	0.010490	0.009730	0.009117	0.002479	0.059777	0.009564
Uni-ASO	NULL	NULL	F	18-44	1569413	31.930862	1.000000	0.481841	0.062885	0.077360	0.233422	424.042667	405.942625	116.242158	132.191753	115.329292	42.179420	18.100042	0.306161	0.000472	0.000453	0.001869	0.008369	0.002914	0.001766	0.055184	0.000117	0.022041	0.050668	0.010475	0.000874	0.002214	0.002245	0.007425	0.001759	0.079752	0.007853
Uni-ASO	NULL	NULL	M	18-44	1581083	31.814909	0.000000	0.508413	0.041570	0.017560	0.140978	223.723578	207.136773	44.504526	79.001183	59.428005	24.203057	16.586805	0.264138	0.003078	0.000869	0.002948	0.004451	0.002212	0.002102	0.036164	0.000103	0.023733	0.065444	0.010825	0.000877	0.002213	0.003069	0.001691	0.001239	0.040140	0.007492
Uni-ASO	NULL	NULL	NULL	18-44	3150496	31.872671	0.498147	0.495176	0.052188	0.047349	0.187029	323.512114	306.171493	80.240478	105.497954	87.275114	33.157945	17.340621	0.285071	0.001780	0.000662	0.002411	0.006403	0.002562	0.001935	0.045639	0.000110	0.022890	0.058083	0.010651	0.000875	0.002214	0.002658	0.004547	0.001498	0.059873	0.007672
Uni-ASO	NULL	NULL	F	45-64	1345779	54.343614	1.000000	0.569655	0.072663	0.045486	0.175513	624.553627	587.663320	129.477256	246.446169	179.354971	32.384921	36.890307	0.857397	0.000714	0.003631	0.019311	0.042718	0.014954	0.008924	0.082200	0.000747	0.090811	0.250154	0.028477	0.001769	0.012970	0.012105	0.021144	0.004028	0.084425	0.010424
Uni-ASO	NULL	NULL	M	45-64	1292879	54.197618	0.000000	0.649120	0.058713	0.046743	0.136196	541.053178	503.422503	147.127448	199.850757	132.282546	24.161749	37.630675	0.886096	0.005487	0.009050	0.046836	0.030039	0.015800	0.014962	0.055043	0.000703	0.118881	0.305815	0.027068	0.002020	0.018477	0.017886	0.006479	0.003108	0.039670	0.010834
Uni-ASO	NULL	NULL	NULL	45-64	2638658	54.272079	0.510024	0.608591	0.065828	0.046102	0.156248	583.640414	546.387344	138.125426	223.615537	156.290614	28.355764	37.253069	0.871459	0.003053	0.006286	0.032798	0.036506	0.015369	0.011882	0.068894	0.000726	0.104564	0.277427	0.027787	0.001892	0.015668	0.014938	0.013958	0.003577	0.062496	0.010625
Uni-ASO	NULL	NULL	F	65+	408350	74.774142	1.000000	0.405556	0.034499	0.089156	0.203193	294.913723	261.635570	75.545051	97.323897	78.846781	9.919839	33.278153	1.219180	0.000176	0.010035	0.062862	0.058905	0.052134	0.041415	0.091284	0.029700	0.111592	0.345578	0.020225	0.003695	0.057379	0.045989	0.021474	0.005152	0.052530	0.013755
Uni-ASO	NULL	NULL	M	65+	379910	73.951614	0.000000	0.526243	0.037466	0.093406	0.180068	387.350166	349.028215	116.535809	131.515116	90.444136	10.533152	38.321950	1.408412	0.001326	0.019630	0.136169	0.083785	0.057737	0.054520	0.079518	0.019749	0.152162	0.371693	0.021555	0.004316	0.073125	0.060324	0.009968	0.004874	0.029080	0.014279
Uni-ASO	NULL	NULL	NULL	65+	788260	74.377716	0.518039	0.463722	0.035929	0.091204	0.192048	339.464416	303.755352	95.300968	113.802706	84.436245	10.215431	35.709063	1.310382	0.000730	0.014660	0.098193	0.070896	0.054834	0.047731	0.085613	0.024904	0.131145	0.358164	0.020866	0.003994	0.064968	0.052898	0.015928	0.005018	0.041228	0.014008
Uni-ASO	NULL	NULL	NULL	NULL	6577414	45.952582	0.505296	0.536905	0.055711	0.052104	0.175282	429.779437	402.249211	105.267056	153.878398	114.621809	28.481946	27.530226	0.643189	0.002165	0.004596	0.026080	0.026208	0.013964	0.011414	0.059759	0.003328	0.068629	0.182040	0.018749	0.001657	0.015132	0.013605	0.009687	0.002754	0.058691	0.009616
UHC-FI	No	No	NULL	18-44	614631	30.604979	0.448514	0.000000	0.000000	0.038022	0.186349	240.330706	209.466594	57.113626	68.535579	54.570973	29.246414	30.864111	0.212405	0.000719	0.000520	0.001758	0.004296	0.002009	0.001452	0.038030	0.000112	0.015671	0.042493	0.008074	0.000668	0.001560	0.001607	0.002681	0.001231	0.046457	0.007220
Uni-ASO	No	No	NULL	18-44	1590443	29.463877	0.511306	0.000000	0.000000	0.041795	0.192537	263.315526	255.632230	67.613002	86.251614	68.753786	33.013827	7.683295	0.226051	0.001009	0.000487	0.001693	0.004616	0.002029	0.001553	0.040832	0.000106	0.016450	0.040478	0.007766	0.000916	0.001686	0.001915	0.003324	0.001217	0.054435	0.007060
NULL	No	No	NULL	18-44	2205074	29.781942	0.493804	0.000000	0.000000	0.040744	0.190812	256.908855	242.764258	64.686460	81.313538	64.800542	31.963717	14.144597	0.222247	0.000928	0.000496	0.001711	0.004527	0.002023	0.001525	0.040051	0.000108	0.016233	0.041040	0.007852	0.000847	0.001651	0.001829	0.003145	0.001221	0.052211	0.007104
UHC-FI	Yes	No	NULL	18-44	614694	33.993079	0.498160	1.000000	0.000000	0.050641	0.184739	395.478890	308.223049	82.231947	107.726253	86.900799	31.364048	87.255840	0.352036	0.002210	0.000950	0.003453	0.008524	0.002996	0.002355	0.051158	0.000099	0.029351	0.077222	0.013375	0.000884	0.002586	0.003401	0.006196	0.001667	0.071076	0.008768
Uni-ASO	Yes	No	NULL	18-44	1395634	34.264039	0.471123	1.000000	0.000000	0.052812	0.185767	382.365012	355.346691	93.261017	123.745261	104.274282	34.066129	27.018321	0.343359	0.002715	0.000848	0.003149	0.008041	0.003118	0.002327	0.049542	0.000111	0.029526	0.075732	0.013560	0.000851	0.002722	0.003449	0.005684	0.001778	0.064359	0.008351
NULL	Yes	No	NULL	18-44	2010328	34.181188	0.479390	1.000000	0.000000	0.052148	0.185453	386.374816	340.937789	89.888680	118.847161	98.962027	33.239919	45.437027	0.346012	0.002561	0.000879	0.003242	0.008189	0.003081	0.002335	0.050036	0.000107	0.029472	0.076188	0.013504	0.000861	0.002680	0.003434	0.005840	0.001744	0.066413	0.008479
NULL	NULL	No	NULL	18-44	4215402	31.879945	0.486930	0.476900	0.000000	0.046183	0.188256	318.651258	289.583280	76.705415	99.213347	81.092176	32.572339	29.067977	0.281271	0.001707	0.000679	0.002441	0.006273	0.002528	0.001912	0.044813	0.000108	0.022547	0.057802	0.010547	0.000854	0.002142	0.002595	0.004430	0.001470	0.058984	0.007760
UHC-FI	No	No	NULL	45-64	429274	53.915590	0.472583	0.000000	0.000000	0.038078	0.165544	444.302981	373.023250	104.154656	145.202319	96.890764	26.775510	71.279730	0.720007	0.001281	0.005951	0.028338	0.026253	0.013098	0.010955	0.059868	0.000540	0.092083	0.243068	0.023136	0.001409	0.014060	0.011505	0.008938	0.003109	0.044360	0.009688
Uni-ASO	No	No	NULL	45-64	1032793	54.335185	0.560759	0.000000	0.000000	0.042438	0.158191	480.821869	465.735100	121.785912	187.994292	127.870594	28.084300	15.086769	0.769601	0.001905	0.005875	0.028329	0.030275	0.014288	0.011427	0.062879	0.000767	0.094436	0.246891	0.024315	0.001862	0.014520	0.013383	0.012421	0.003307	0.054921	0.009632
NULL	No	No	NULL	45-64	1462067	54.211988	0.534870	0.000000	0.000000	0.041158	0.160350	470.099646	438.514195	116.609241	175.430243	118.774680	27.700029	31.585450	0.755040	0.001722	0.005897	0.028332	0.029094	0.013939	0.011288	0.061995	0.000701	0.093745	0.245769	0.023969	0.001729	0.014385	0.012831	0.011398	0.003249	0.051821	0.009648
UHC-FI	Yes	No	NULL	45-64	605423	54.189716	0.486184	1.000000	0.000000	0.049879	0.167691	736.878756	556.109493	150.865668	226.794748	149.864118	28.584957	180.769262	0.984153	0.003723	0.007517	0.040310	0.040738	0.016796	0.013469	0.075958	0.000589	0.118138	0.315701	0.031914	0.001762	0.017825	0.016803	0.016256	0.003623	0.069856	0.011917
Uni-ASO	Yes	No	NULL	45-64	1432167	54.245505	0.467013	1.000000	0.000000	0.049453	0.158191	650.979418	599.242799	151.296680	245.785815	173.068608	29.091694	51.736619	0.943261	0.003990	0.006608	0.035768	0.040073	0.016235	0.012377	0.072585	0.000724	0.112994	0.298421	0.030307	0.001983	0.016666	0.016272	0.014871	0.003787	0.067443	0.011377
NULL	Yes	No	NULL	45-64	2037590	54.228929	0.472709	1.000000	0.000000	0.049580	0.161013	676.502431	586.426729	151.168614	240.143057	166.173928	28.941129	90.075701	0.955411	0.003910	0.006878	0.037118	0.040271	0.016402	0.012702	0.073587	0.000684	0.114523	0.303555	0.030785	0.001917	0.017010	0.016430	0.015283	0.003738	0.068160	0.011538
NULL	NULL	No	NULL	45-64	3499657	54.221852	0.498678	0.582225	0.000000	0.046061	0.160736	590.272637	524.632663	136.730594	213.107702	146.371737	28.422629	65.639973	0.871701	0.002996	0.006468	0.033447	0.035601	0.015373	0.012111	0.068744	0.000691	0.105842	0.279413	0.027937	0.001839	0.015914	0.014926	0.013660	0.003534	0.061334	0.010748
UHC-FI	No	No	NULL	65+	36443	69.220645	0.465439	0.000000	0.000000	0.087780	0.213072	745.419764	611.431909	202.646830	231.656002	150.799116	26.329959	133.987855	1.493428	0.000795	0.016326	0.100568	0.074691	0.049364	0.042065	0.100814	0.011991	0.176165	0.461295	0.030239	0.003183	0.057377	0.050489	0.015887	0.005488	0.044782	0.013555
Uni-ASO	No	No	NULL	65+	422726	76.051813	0.574227	0.000000	0.000000	0.094337	0.206400	257.069138	239.711867	78.729459	87.412576	64.610035	8.959796	17.357270	1.276825	0.000496	0.014624	0.094183	0.064221	0.056622	0.051889	0.084094	0.029950	0.125610	0.343780	0.018170	0.004269	0.068458	0.055480	0.015224	0.005005	0.038634	0.014318
NULL	No	No	NULL	65+	459169	75.509642	0.565593	0.000000	0.000000	0.093817	0.206930	295.828204	269.214280	88.564445	98.860786	71.450628	10.338419	26.613924	1.294017	0.000520	0.014759	0.094690	0.065052	0.056046	0.051109	0.085421	0.028525	0.129623	0.353107	0.019128	0.004183	0.067578	0.055084	0.015277	0.005043	0.039122	0.014258
UHC-FI	Yes	No	NULL	65+	54884	68.270807	0.430435	1.000000	0.000000	0.098280	0.192187	1114.413834	843.039102	265.444016	334.933964	215.306471	27.354649	271.374732	1.712329	0.001475	0.019185	0.129290	0.097314	0.054296	0.040940	0.110214	0.006231	0.197307	0.520789	0.037023	0.003316	0.059343	0.053476	0.023249	0.006140	0.055553	0.015997
Uni-ASO	Yes	No	NULL	65+	337212	72.573422	0.449334	1.000000	0.000000	0.088828	0.178181	432.313363	375.247002	114.821566	142.669641	106.049563	11.706230	57.066360	1.359813	0.001037	0.014827	0.103294	0.078858	0.053349	0.043684	0.088009	0.019317	0.138989	0.375745	0.024088	0.003798	0.061821	0.050822	0.016858	0.005085	0.044476	0.013964
NULL	Yes	No	NULL	65+	392096	71.971160	0.446689	1.000000	0.000000	0.090151	0.180142	527.791007	440.726634	135.905083	169.582017	121.342900	13.896632	87.064373	1.409157	0.001099	0.015437	0.106932	0.081441	0.053481	0.043300	0.091117	0.017485	0.147152	0.396048	0.025899	0.003731	0.061474	0.051194	0.017753	0.005233	0.046026	0.014249
NULL	NULL	No	NULL	65+	851265	73.879803	0.510825	0.460603	0.000000	0.092128	0.194591	402.671182	348.213543	110.369729	131.435263	94.431205	11.977346	54.457638	1.347051	0.000787	0.015071	0.100329	0.072601	0.054865	0.047512	0.088045	0.023440	0.137697	0.372886	0.022246	0.003975	0.064767	0.053292	0.016417	0.005131	0.042302	0.014254
NULL	NULL	No	NULL	NULL	8566324	45.181102	0.494104	0.518310	0.000000	0.050699	0.177643	437.967884	391.435849	104.573237	148.945363	109.086812	28.830435	46.532034	0.628393	0.002142	0.004474	0.024836	0.024846	0.012976	0.010610	0.058886	0.002665	0.068019	0.179649	0.018814	0.001566	0.013991	0.012671	0.009392	0.002677	0.058286	0.009626
UHC-FI	Yes	Yes	NULL	18-44	69528	34.292831	0.658597	1.000000	1.000000	0.053115	0.139713	437.874535	335.987348	88.440137	120.693577	102.700218	24.153414	101.887186	0.366751	0.001280	0.000791	0.002560	0.010111	0.002761	0.002416	0.060349	0.000129	0.026564	0.076314	0.013303	0.000776	0.002516	0.003279	0.007824	0.001567	0.084023	0.007737
Uni-ASO	Yes	Yes	NULL	18-44	164419	34.874600	0.600253	1.000000	1.000000	0.054695	0.144454	406.240607	377.630615	91.865489	136.781714	122.140309	26.843101	28.609992	0.361223	0.001295	0.000772	0.003083	0.009779	0.002992	0.002305	0.059013	0.000127	0.028865	0.078573	0.013860	0.000693	0.003004	0.003144	0.006732	0.001842	0.074395	0.007827
NULL	Yes	Yes	NULL	18-44	233947	34.701701	0.617592	1.000000	1.000000	0.054225	0.143045	415.642069	365.254422	90.847490	132.000392	116.362801	26.043738	50.387646	0.362866	0.001290	0.000777	0.002928	0.009878	0.002923	0.002338	0.059410	0.000128	0.028181	0.077902	0.013695	0.000718	0.002859	0.003184	0.007057	0.001761	0.077256	0.007800
NULL	NULL	Yes	NULL	18-44	233947	34.701701	0.617592	1.000000	1.000000	0.054225	0.143045	415.642069	365.254422	90.847490	132.000392	116.362801	26.043738	50.387646	0.362866	0.001290	0.000777	0.002928	0.009878	0.002923	0.002338	0.059410	0.000128	0.028181	0.077902	0.013695	0.000718	0.002859	0.003184	0.007057	0.001761	0.077256	0.007800
UHC-FI	Yes	Yes	NULL	45-64	64422	53.987100	0.602371	1.000000	1.000000	0.040995	0.134131	729.027380	549.800512	130.800841	231.027737	164.682685	23.289246	179.226868	0.906670	0.001878	0.006503	0.038418	0.043696	0.014730	0.011486	0.077768	0.000714	0.095728	0.294045	0.028018	0.001086	0.015802	0.013256	0.017323	0.003089	0.073546	0.010493
Uni-ASO	Yes	Yes	NULL	45-64	173698	54.115971	0.562982	1.000000	1.000000	0.040259	0.128683	639.769869	590.137044	126.679707	252.618935	186.936383	23.902017	49.632824	0.885079	0.002147	0.006073	0.034870	0.044139	0.014651	0.010512	0.074226	0.000489	0.095286	0.285886	0.027645	0.001318	0.014271	0.013183	0.015573	0.003460	0.066748	0.010328
NULL	Yes	Yes	NULL	45-64	238120	54.081106	0.573639	1.000000	1.000000	0.040458	0.130157	663.917977	579.224227	127.794657	246.777560	180.915772	23.736235	84.693749	0.890920	0.002074	0.006190	0.035830	0.044019	0.014673	0.010776	0.075184	0.000550	0.095405	0.288094	0.027746	0.001255	0.014685	0.013203	0.016046	0.003359	0.068587	0.010372
NULL	NULL	Yes	NULL	45-64	238120	54.081106	0.573639	1.000000	1.000000	0.040458	0.130157	663.917977	579.224227	127.794657	246.777560	180.915772	23.736235	84.693749	0.890920	0.002074	0.006190	0.035830	0.044019	0.014673	0.010776	0.075184	0.000550	0.095405	0.288094	0.027746	0.001255	0.014685	0.013203	0.016046	0.003359	0.068587	0.010372
UHC-FI	Yes	Yes	NULL	65+	4750	67.885052	0.485052	1.000000	1.000000	0.084842	0.163368	1077.469985	820.177694	272.188778	312.836232	212.196947	22.955735	257.292291	1.562842	0.001263	0.011789	0.129894	0.093894	0.053052	0.039789	0.096000	0.005684	0.167789	0.501473	0.029684	0.002736	0.052000	0.046526	0.018736	0.005894	0.051789	0.013894
Uni-ASO	Yes	Yes	NULL	65+	28322	70.873208	0.497422	1.000000	1.000000	0.072734	0.142927	463.779327	408.444427	110.223199	163.993992	123.020545	11.206689	55.334899	1.222706	0.000564	0.013205	0.097309	0.075736	0.045830	0.033860	0.079761	0.016100	0.120365	0.363533	0.022738	0.002224	0.050349	0.039086	0.015359	0.004413	0.041275	0.009886
NULL	Yes	Yes	NULL	65+	33072	70.444031	0.495645	1.000000	1.000000	0.074473	0.145863	551.921278	467.580041	133.485672	185.371611	135.828598	12.894158	84.341237	1.271559	0.000665	0.013001	0.101989	0.078344	0.046867	0.034712	0.082093	0.014604	0.127177	0.383345	0.023736	0.002298	0.050586	0.040154	0.015844	0.004626	0.042785	0.010462
NULL	NULL	Yes	NULL	65+	33072	70.444031	0.495645	1.000000	1.000000	0.074473	0.145863	551.921278	467.580041	133.485672	185.371611	135.828598	12.894158	84.341237	1.271559	0.000665	0.013001	0.101989	0.078344	0.046867	0.034712	0.082093	0.014604	0.127177	0.383345	0.023736	0.002298	0.050586	0.040154	0.015844	0.004626	0.042785	0.010462
NULL	NULL	Yes	NULL	NULL	505139	46.177145	0.588889	1.000000	1.000000	0.049061	0.137154	541.600439	472.818088	111.055768	189.600047	148.067196	24.095076	68.782350	0.671281	0.001619	0.004129	0.024923	0.030454	0.011339	0.008435	0.068331	0.001274	0.066352	0.196983	0.020976	0.001074	0.011559	0.010327	0.011870	0.002702	0.070913	0.009187
UHC-FI	NULL	No	NULL	18-44	1229325	32.299116	0.473338	0.500025	0.000000	0.044332	0.185544	317.908773	258.847352	69.673430	88.131920	70.736714	30.305285	59.061421	0.282224	0.001465	0.000735	0.002606	0.006410	0.002502	0.001904	0.044595	0.000105	0.022511	0.059858	0.010725	0.000776	0.002073	0.002504	0.004439	0.001449	0.058767	0.007994
UHC-FI	NULL	No	NULL	45-64	1034697	54.075987	0.480541	0.585121	0.000000	0.044983	0.166800	615.495227	480.150866	131.486253	192.943767	127.886589	27.834255	135.344361	0.874564	0.002709	0.006867	0.035343	0.034729	0.015262	0.012426	0.069283	0.000569	0.107329	0.285567	0.028273	0.001615	0.016263	0.014605	0.013220	0.003410	0.059279	0.010992
UHC-FI	NULL	No	NULL	65+	91327	68.649829	0.444403	0.600961	0.000000	0.094090	0.200521	967.170950	750.618887	240.385514	293.722069	189.565545	26.945758	216.552062	1.624979	0.001204	0.018045	0.117829	0.088287	0.052328	0.041389	0.106463	0.008529	0.188870	0.497049	0.034316	0.003262	0.058558	0.052284	0.020311	0.005879	0.051255	0.015022
UHC-FI	NULL	No	NULL	NULL	2355349	43.275096	0.475380	0.541321	0.000000	0.046547	0.177890	473.812199	375.133346	103.446839	142.147030	100.449969	29.089507	98.678852	0.594502	0.002001	0.004100	0.021455	0.022025	0.010040	0.008057	0.057839	0.000635	0.066222	0.175963	0.019348	0.001241	0.010497	0.009750	0.008912	0.002482	0.058700	0.009584
UHC-FI	NULL	Yes	NULL	18-44	69528	34.292831	0.658597	1.000000	1.000000	0.053115	0.139713	437.874535	335.987348	88.440137	120.693577	102.700218	24.153414	101.887186	0.366751	0.001280	0.000791	0.002560	0.010111	0.002761	0.002416	0.060349	0.000129	0.026564	0.076314	0.013303	0.000776	0.002516	0.003279	0.007824	0.001567	0.084023	0.007737
UHC-FI	NULL	Yes	NULL	45-64	64422	53.987100	0.602371	1.000000	1.000000	0.040995	0.134131	729.027380	549.800512	130.800841	231.027737	164.682685	23.289246	179.226868	0.906670	0.001878	0.006503	0.038418	0.043696	0.014730	0.011486	0.077768	0.000714	0.095728	0.294045	0.028018	0.001086	0.015802	0.013256	0.017323	0.003089	0.073546	0.010493
UHC-FI	NULL	Yes	NULL	65+	4750	67.885052	0.485052	1.000000	1.000000	0.084842	0.163368	1077.469985	820.177694	272.188778	312.836232	212.196947	22.955735	257.292291	1.562842	0.001263	0.011789	0.129894	0.093894	0.053052	0.039789	0.096000	0.005684	0.167789	0.501473	0.029684	0.002736	0.052000	0.046526	0.018736	0.005894	0.051789	0.013894
UHC-FI	NULL	Yes	NULL	NULL	138700	44.590648	0.626539	1.000000	1.000000	0.048572	0.137930	595.010274	451.879026	114.408178	178.520721	135.239107	23.711018	143.131247	0.658489	0.001557	0.003821	0.023576	0.028579	0.010043	0.007909	0.069661	0.000591	0.063525	0.192004	0.020699	0.000987	0.010382	0.009394	0.012609	0.002422	0.078053	0.009228
Uni-ASO	NULL	No	NULL	18-44	2986077	31.707379	0.492525	0.467380	0.000000	0.046944	0.189373	318.956928	302.236820	79.600383	103.775412	85.355371	33.505652	16.720108	0.280878	0.001807	0.000656	0.002374	0.006217	0.002538	0.001915	0.044903	0.000109	0.022562	0.056955	0.010474	0.000885	0.002170	0.002632	0.004427	0.001479	0.059073	0.007663
Uni-ASO	NULL	No	NULL	45-64	2464960	54.283080	0.506292	0.581010	0.000000	0.046514	0.158191	579.685147	543.304440	138.931970	221.571759	154.131103	28.669606	36.380707	0.870499	0.003116	0.006301	0.032652	0.035968	0.015419	0.011979	0.068518	0.000742	0.105218	0.276830	0.027797	0.001933	0.015767	0.015061	0.013845	0.003586	0.062196	0.010646
Uni-ASO	NULL	No	NULL	65+	759938	74.508325	0.518808	0.443736	0.000000	0.091893	0.193878	334.831344	299.853713	94.744833	111.932136	82.998254	10.178488	34.977631	1.313650	0.000736	0.014714	0.098226	0.070716	0.055170	0.048248	0.085832	0.025232	0.131547	0.357964	0.020796	0.004060	0.065513	0.053413	0.015949	0.005041	0.041227	0.014161
Uni-ASO	NULL	No	NULL	NULL	6210975	45.903904	0.501205	0.509583	0.000000	0.052273	0.177549	424.374870	397.618145	105.000394	151.523453	112.362108	28.732189	26.756725	0.641246	0.002195	0.004616	0.026118	0.025916	0.014090	0.011578	0.059283	0.003434	0.068700	0.181047	0.018612	0.001689	0.015317	0.013778	0.009574	0.002751	0.058129	0.009642
Uni-ASO	NULL	Yes	NULL	18-44	164419	34.874600	0.600253	1.000000	1.000000	0.054695	0.144454	406.240607	377.630615	91.865489	136.781714	122.140309	26.843101	28.609992	0.361223	0.001295	0.000772	0.003083	0.009779	0.002992	0.002305	0.059013	0.000127	0.028865	0.078573	0.013860	0.000693	0.003004	0.003144	0.006732	0.001842	0.074395	0.007827
Uni-ASO	NULL	Yes	NULL	45-64	173698	54.115971	0.562982	1.000000	1.000000	0.040259	0.128683	639.769869	590.137044	126.679707	252.618935	186.936383	23.902017	49.632824	0.885079	0.002147	0.006073	0.034870	0.044139	0.014651	0.010512	0.074226	0.000489	0.095286	0.285886	0.027645	0.001318	0.014271	0.013183	0.015573	0.003460	0.066748	0.010328
Uni-ASO	NULL	Yes	NULL	65+	28322	70.873208	0.497422	1.000000	1.000000	0.072734	0.142927	463.779327	408.444427	110.223199	163.993992	123.020545	11.206689	55.334899	1.222706	0.000564	0.013205	0.097309	0.075736	0.045830	0.033860	0.079761	0.016100	0.120365	0.363533	0.022738	0.002224	0.050349	0.039086	0.015359	0.004413	0.041275	0.009886
Uni-ASO	NULL	Yes	NULL	NULL	366439	46.777646	0.574638	1.000000	1.000000	0.049246	0.136860	521.384403	480.743685	109.786854	193.793658	152.922727	24.240445	40.640717	0.676123	0.001642	0.004246	0.025433	0.031164	0.011830	0.008634	0.067828	0.001533	0.067421	0.198868	0.021081	0.001107	0.012004	0.010681	0.011589	0.002808	0.068210	0.009172
UHC-FI	No	NULL	NULL	18-44	614631	30.604979	0.448514	0.000000	0.000000	0.038022	0.186349	240.330706	209.466594	57.113626	68.535579	54.570973	29.246414	30.864111	0.212405	0.000719	0.000520	0.001758	0.004296	0.002009	0.001452	0.038030	0.000112	0.015671	0.042493	0.008074	0.000668	0.001560	0.001607	0.002681	0.001231	0.046457	0.007220
UHC-FI	No	NULL	NULL	45-64	429274	53.915590	0.472583	0.000000	0.000000	0.038078	0.165544	444.302981	373.023250	104.154656	145.202319	96.890764	26.775510	71.279730	0.720007	0.001281	0.005951	0.028338	0.026253	0.013098	0.010955	0.059868	0.000540	0.092083	0.243068	0.023136	0.001409	0.014060	0.011505	0.008938	0.003109	0.044360	0.009688
UHC-FI	No	NULL	NULL	65+	36443	69.220645	0.465439	0.000000	0.000000	0.087780	0.213072	745.419764	611.431909	202.646830	231.656002	150.799116	26.329959	133.987855	1.493428	0.000795	0.016326	0.100568	0.074691	0.049364	0.042065	0.100814	0.011991	0.176165	0.461295	0.030239	0.003183	0.057377	0.050489	0.015887	0.005488	0.044782	0.013555
UHC-FI	No	NULL	NULL	NULL	1080348	41.170010	0.458649	0.000000	0.000000	0.039723	0.178983	338.416651	288.014841	80.714500	104.501431	74.632683	28.166226	50.401809	0.457312	0.000945	0.003211	0.015653	0.015395	0.008013	0.006598	0.048825	0.000683	0.051447	0.136319	0.014807	0.001047	0.008410	0.007189	0.005613	0.002121	0.045567	0.008414
UHC-FI	Yes	NULL	NULL	18-44	684222	34.023539	0.514463	1.000000	0.101616	0.050892	0.180163	399.786972	311.044350	82.862800	109.043942	88.506275	30.631331	88.742621	0.353532	0.002116	0.000933	0.003362	0.008685	0.002972	0.002361	0.052092	0.000102	0.029068	0.077129	0.013368	0.000873	0.002579	0.003389	0.006361	0.001657	0.072391	0.008663
UHC-FI	Yes	NULL	NULL	45-64	669845	54.170230	0.497358	1.000000	0.096174	0.049024	0.164463	736.123654	555.502730	148.935944	227.201854	151.289286	28.075645	180.620923	0.976701	0.003545	0.007419	0.040128	0.041022	0.016597	0.013279	0.076132	0.000601	0.115983	0.313618	0.031540	0.001697	0.017630	0.016462	0.016359	0.003572	0.070211	0.011780
UHC-FI	Yes	NULL	NULL	65+	59634	68.240081	0.434785	1.000000	0.079652	0.097209	0.189891	1111.471163	841.218132	265.981254	333.173823	215.058789	27.004264	270.253030	1.700422	0.001458	0.018596	0.129338	0.097041	0.054197	0.040849	0.109082	0.006187	0.194955	0.519250	0.036438	0.003269	0.058758	0.052922	0.022889	0.006120	0.055253	0.015829
UHC-FI	Yes	NULL	NULL	NULL	1413701	45.012871	0.502997	1.000000	0.098111	0.051961	0.173134	589.172153	449.238782	121.894286	174.484405	123.592703	29.267386	139.933370	0.705620	0.002765	0.004752	0.026097	0.027735	0.011589	0.009158	0.065887	0.000595	0.077248	0.207833	0.022951	0.001365	0.012081	0.011672	0.011795	0.002753	0.070635	0.010442
Uni-ASO	No	NULL	NULL	18-44	1590443	29.463877	0.511306	0.000000	0.000000	0.041795	0.192537	263.315526	255.632230	67.613002	86.251614	68.753786	33.013827	7.683295	0.226051	0.001009	0.000487	0.001693	0.004616	0.002029	0.001553	0.040832	0.000106	0.016450	0.040478	0.007766	0.000916	0.001686	0.001915	0.003324	0.001217	0.054435	0.007060
Uni-ASO	No	NULL	NULL	45-64	1032793	54.335185	0.560759	0.000000	0.000000	0.042438	0.158191	480.821869	465.735100	121.785912	187.994292	127.870594	28.084300	15.086769	0.769601	0.001905	0.005875	0.028329	0.030275	0.014288	0.011427	0.062879	0.000767	0.094436	0.246891	0.024315	0.001862	0.014520	0.013383	0.012421	0.003307	0.054921	0.009632
Uni-ASO	No	NULL	NULL	65+	422726	76.051813	0.574227	0.000000	0.000000	0.094337	0.206400	257.069138	239.711867	78.729459	87.412576	64.610035	8.959796	17.357270	1.276825	0.000496	0.014624	0.094183	0.064221	0.056622	0.051889	0.084094	0.029950	0.125610	0.343780	0.018170	0.004269	0.068458	0.055480	0.015224	0.005005	0.038634	0.014318
Uni-ASO	No	NULL	NULL	NULL	3045962	44.362567	0.536806	0.000000	0.000000	0.049305	0.182815	336.198417	324.662252	87.524156	120.910580	88.223416	28.004097	11.536165	0.556181	0.001242	0.004276	0.023561	0.021588	0.013762	0.011887	0.054311	0.004472	0.058042	0.152560	0.014821	0.001702	0.015305	0.013237	0.008060	0.002451	0.052407	0.008939
Uni-ASO	Yes	NULL	NULL	18-44	1560053	34.328388	0.484732	1.000000	0.105393	0.053011	0.181413	384.881338	357.695265	93.113938	125.119215	106.157240	33.304871	27.186072	0.345242	0.002565	0.000840	0.003142	0.008224	0.003105	0.002324	0.050540	0.000113	0.029456	0.076032	0.013592	0.000834	0.002751	0.003417	0.005794	0.001785	0.065417	0.008296
Uni-ASO	Yes	NULL	NULL	45-64	1605865	54.231494	0.477394	1.000000	0.108164	0.048459	0.154999	649.766940	598.257877	148.633991	246.524918	174.568613	28.530354	51.509063	0.936967	0.003791	0.006550	0.035671	0.040513	0.016064	0.012175	0.072762	0.000699	0.111079	0.297065	0.030019	0.001911	0.016407	0.015938	0.014947	0.003751	0.067368	0.011264
Uni-ASO	Yes	NULL	NULL	65+	365534	72.441688	0.453060	1.000000	0.077481	0.087581	0.175450	434.751383	377.819178	114.465279	144.321876	107.364495	11.667525	56.932205	1.349190	0.001001	0.014701	0.102830	0.078616	0.052766	0.042923	0.087370	0.019067	0.137546	0.374799	0.023984	0.003676	0.060932	0.049913	0.016742	0.005033	0.044228	0.013648
Uni-ASO	Yes	NULL	NULL	NULL	3531452	47.324008	0.478117	1.000000	0.103764	0.054519	0.168784	510.495310	469.169824	120.570732	182.313931	137.391056	28.894103	41.325486	0.718235	0.002961	0.004871	0.028253	0.030193	0.014138	0.011006	0.064457	0.002341	0.077761	0.207467	0.022138	0.001618	0.014983	0.013923	0.011090	0.003015	0.064111	0.010200
UHC-FI	No	No	F	NULL	495501	41.595088	1.000000	0.000000	0.000000	0.054908	0.207789	405.566620	349.315324	92.103952	126.779236	96.915590	33.516545	56.251296	0.479461	0.000403	0.001848	0.009874	0.019142	0.008258	0.005132	0.059352	0.000823	0.047299	0.125955	0.015822	0.001069	0.007376	0.006165	0.009265	0.002407	0.065450	0.008339
Uni-ASO	No	No	F	NULL	1635093	45.520218	1.000000	0.000000	0.000000	0.060539	0.208774	380.598118	368.339820	95.068986	135.140338	105.542004	32.588490	12.258297	0.572312	0.000411	0.002999	0.016802	0.023506	0.014145	0.010484	0.063046	0.005427	0.053948	0.149201	0.015541	0.001626	0.014389	0.012018	0.011871	0.002761	0.067631	0.009034
NULL	No	No	F	NULL	2130594	44.607371	1.000000	0.000000	0.000000	0.059229	0.208545	386.404910	363.915393	94.379423	133.195841	103.535804	32.804323	22.489517	0.550718	0.000409	0.002732	0.015191	0.022491	0.012776	0.009239	0.062187	0.004357	0.052401	0.143795	0.015606	0.001497	0.012758	0.010657	0.011265	0.002679	0.067124	0.008872
NULL	No	NULL	F	NULL	2130594	44.607371	1.000000	0.000000	0.000000	0.059229	0.208545	386.404910	363.915393	94.379423	133.195841	103.535804	32.804323	22.489517	0.550718	0.000409	0.002732	0.015191	0.022491	0.012776	0.009239	0.062187	0.004357	0.052401	0.143795	0.015606	0.001497	0.012758	0.010657	0.011265	0.002679	0.067124	0.008872
UHC-FI	No	No	M	NULL	584847	40.809869	0.000000	0.000000	0.000000	0.026858	0.154578	281.525060	236.079121	71.064994	85.626965	55.753894	23.633265	45.445938	0.438547	0.001403	0.004366	0.020548	0.012221	0.007805	0.007841	0.039907	0.000564	0.054961	0.145099	0.013947	0.001029	0.009286	0.008056	0.002518	0.001879	0.028722	0.008479
Uni-ASO	No	No	M	NULL	1410869	43.020936	0.000000	0.000000	0.000000	0.036286	0.152732	284.742443	274.043175	78.780255	104.419342	68.152452	22.691124	10.699268	0.537487	0.002205	0.005755	0.031394	0.019366	0.013318	0.013512	0.044188	0.003366	0.062788	0.156451	0.013987	0.001790	0.016366	0.014650	0.003643	0.002092	0.034763	0.008830
NULL	No	No	M	NULL	1995716	42.372980	0.000000	0.000000	0.000000	0.033523	0.153273	283.799585	262.917763	76.519289	98.912213	64.519040	22.967220	20.881822	0.508493	0.001970	0.005348	0.028215	0.017272	0.011703	0.011850	0.042933	0.002544	0.060494	0.153124	0.013975	0.001567	0.014291	0.012718	0.003314	0.002029	0.032993	0.008727
NULL	No	NULL	M	NULL	1995716	42.372980	0.000000	0.000000	0.000000	0.033523	0.153273	283.799585	262.917763	76.519289	98.912213	64.519040	22.967220	20.881822	0.508493	0.001970	0.005348	0.028215	0.017272	0.011703	0.011850	0.042933	0.002544	0.060494	0.153124	0.013975	0.001567	0.014291	0.012718	0.003314	0.002029	0.032993	0.008727
UHC-FI	Yes	No	F	NULL	624187	44.608352	1.000000	1.000000	0.000000	0.065840	0.205971	643.696466	503.030055	127.373578	195.735998	144.837855	35.082622	140.666410	0.697094	0.000682	0.002523	0.014213	0.031444	0.010990	0.006696	0.078255	0.000644	0.067990	0.182909	0.022937	0.001315	0.009561	0.009530	0.018018	0.003031	0.095705	0.010389
Uni-ASO	Yes	No	F	NULL	1477879	47.128850	1.000000	1.000000	0.000000	0.072680	0.211157	596.963345	554.456673	140.201795	211.691217	165.536244	37.027415	42.506671	0.717189	0.000690	0.002947	0.016452	0.033257	0.013981	0.008968	0.077746	0.002776	0.069341	0.187911	0.022560	0.001630	0.012803	0.011657	0.017589	0.003464	0.088670	0.010353
NULL	Yes	No	F	NULL	2102066	46.380414	1.000000	1.000000	0.000000	0.070649	0.209617	610.840267	539.186065	136.392587	206.953478	159.390069	36.449929	71.654202	0.711222	0.000687	0.002821	0.015787	0.032718	0.013093	0.008294	0.077897	0.002143	0.068940	0.186426	0.022671	0.001537	0.011840	0.011026	0.017716	0.003335	0.090759	0.010364
UHC-FI	Yes	Yes	F	NULL	86901	43.744755	1.000000	1.000000	1.000000	0.055707	0.147765	609.959048	470.070012	112.281552	184.234022	148.303473	25.250964	139.889035	0.616477	0.000253	0.001795	0.011116	0.030494	0.008619	0.004810	0.078307	0.000506	0.050229	0.158778	0.019263	0.000840	0.007778	0.006950	0.016927	0.002405	0.096788	0.008653
Uni-ASO	Yes	Yes	F	NULL	210570	46.068760	1.000000	1.000000	1.000000	0.059984	0.152357	578.830512	537.140802	118.158465	213.927544	177.399421	27.655370	41.689710	0.648287	0.000384	0.002070	0.013320	0.033689	0.010428	0.006159	0.078458	0.001609	0.055496	0.169159	0.020292	0.000916	0.009084	0.008149	0.016488	0.003096	0.088355	0.009018
NULL	Yes	Yes	F	NULL	297471	45.389843	1.000000	1.000000	1.000000	0.058735	0.151016	587.924175	517.547232	116.441627	205.253096	168.899544	26.952964	70.376942	0.638995	0.000346	0.001990	0.012676	0.032756	0.009900	0.005765	0.078414	0.001287	0.053958	0.166127	0.019991	0.000894	0.008703	0.007799	0.016616	0.002894	0.090818	0.008911
NULL	Yes	NULL	F	NULL	2399537	46.257613	1.000000	1.000000	0.123970	0.069172	0.202352	607.999355	536.503495	133.919263	206.742681	160.568960	35.272588	71.495860	0.702268	0.000645	0.002718	0.015402	0.032723	0.012697	0.007980	0.077961	0.002037	0.067082	0.183910	0.022339	0.001457	0.011451	0.010626	0.017580	0.003281	0.090767	0.010184
UHC-FI	Yes	No	M	NULL	650814	45.490822	0.000000	1.000000	0.000000	0.039372	0.149143	535.634407	397.085609	118.234592	153.242076	100.734707	24.874232	138.548797	0.723841	0.005021	0.007088	0.038032	0.023997	0.012493	0.011785	0.053221	0.000550	0.089051	0.235111	0.023446	0.001493	0.014859	0.014212	0.005654	0.002556	0.045011	0.010752
Uni-ASO	Yes	No	M	NULL	1687134	47.613629	0.000000	1.000000	0.000000	0.039756	0.138601	432.386826	391.947293	105.716724	154.086954	109.363292	22.780321	40.439532	0.728298	0.005236	0.006693	0.039202	0.027298	0.014777	0.013307	0.052085	0.002136	0.087382	0.226466	0.021998	0.001718	0.017540	0.016612	0.005288	0.002667	0.041707	0.010289
NULL	Yes	No	M	NULL	2337948	47.022704	0.000000	1.000000	0.000000	0.039649	0.141536	461.127829	393.377645	109.201320	153.851765	106.961355	23.363202	67.750184	0.727057	0.005176	0.006803	0.038876	0.026379	0.014141	0.012883	0.052401	0.001694	0.087847	0.228872	0.022401	0.001656	0.016794	0.015944	0.005390	0.002636	0.042627	0.010418
UHC-FI	Yes	Yes	M	NULL	51799	46.009768	0.000000	1.000000	1.000000	0.036603	0.121430	569.931345	421.360776	117.975931	168.935757	113.321572	21.127515	148.570569	0.728971	0.003745	0.007220	0.044479	0.025367	0.012432	0.013108	0.055155	0.000733	0.085831	0.247746	0.023108	0.001235	0.014749	0.013494	0.005366	0.002451	0.046622	0.010193
Uni-ASO	Yes	Yes	M	NULL	155869	47.735309	0.000000	1.000000	1.000000	0.034740	0.115924	443.778033	404.554445	98.477292	166.593943	119.856129	19.627079	39.223588	0.713727	0.003342	0.007185	0.041797	0.027754	0.013723	0.011978	0.053467	0.001430	0.083531	0.239001	0.022146	0.001366	0.015949	0.014101	0.004972	0.002418	0.040995	0.009379
NULL	Yes	Yes	M	NULL	207668	47.304904	0.000000	1.000000	1.000000	0.035205	0.117297	475.244679	408.746478	103.340872	167.178066	118.226203	20.001335	66.498201	0.717529	0.003442	0.007194	0.042466	0.027158	0.013401	0.012259	0.053888	0.001256	0.084105	0.241183	0.022386	0.001333	0.015649	0.013950	0.005070	0.002426	0.042399	0.009582
NULL	Yes	NULL	M	NULL	2545616	47.045725	0.000000	1.000000	0.081578	0.039286	0.139559	462.279463	394.631414	108.723232	154.938908	107.880327	23.088946	67.648049	0.726280	0.005035	0.006835	0.039169	0.026443	0.014081	0.012832	0.052522	0.001658	0.087541	0.229877	0.022400	0.001629	0.016700	0.015782	0.005364	0.002619	0.042608	0.010349
UHC-FI	No	NULL	F	NULL	495501	41.595088	1.000000	0.000000	0.000000	0.054908	0.207789	405.566620	349.315324	92.103952	126.779236	96.915590	33.516545	56.251296	0.479461	0.000403	0.001848	0.009874	0.019142	0.008258	0.005132	0.059352	0.000823	0.047299	0.125955	0.015822	0.001069	0.007376	0.006165	0.009265	0.002407	0.065450	0.008339
UHC-FI	Yes	NULL	F	NULL	711088	44.502813	1.000000	1.000000	0.122208	0.064602	0.198858	639.573467	499.002058	125.529204	194.330359	145.261383	33.881110	140.571408	0.687242	0.000630	0.002434	0.013835	0.031328	0.010700	0.006466	0.078261	0.000627	0.065820	0.179960	0.022488	0.001257	0.009343	0.009215	0.017885	0.002954	0.095837	0.010177
UHC-FI	NULL	NULL	F	NULL	1206589	43.308719	1.000000	0.589337	0.072022	0.060621	0.202526	543.475602	437.531311	111.802703	166.589638	125.407573	33.731396	105.944290	0.601914	0.000537	0.002193	0.012208	0.026323	0.009697	0.005918	0.070496	0.000707	0.058214	0.157782	0.019750	0.001180	0.008535	0.007962	0.014345	0.002730	0.083358	0.009422
UHC-FI	No	NULL	M	NULL	584847	40.809869	0.000000	0.000000	0.000000	0.026858	0.154578	281.525060	236.079121	71.064994	85.626965	55.753894	23.633265	45.445938	0.438547	0.001403	0.004366	0.020548	0.012221	0.007805	0.007841	0.039907	0.000564	0.054961	0.145099	0.013947	0.001029	0.009286	0.008056	0.002518	0.001879	0.028722	0.008479
UHC-FI	Yes	NULL	M	NULL	702613	45.529080	0.000000	1.000000	0.073723	0.039168	0.147100	538.162893	398.875256	118.215522	154.399067	101.662654	24.598011	139.287636	0.724219	0.004927	0.007097	0.038507	0.024098	0.012489	0.011882	0.053363	0.000563	0.088814	0.236043	0.023421	0.001474	0.014851	0.014159	0.005633	0.002549	0.045130	0.010711
UHC-FI	NULL	NULL	M	NULL	1287460	43.385312	0.000000	0.545735	0.040233	0.033576	0.150497	421.581510	324.922798	96.796725	123.158363	80.807947	24.159762	96.658711	0.594448	0.003326	0.005857	0.030349	0.018703	0.010361	0.010046	0.047251	0.000563	0.073436	0.194730	0.019117	0.001272	0.012323	0.011387	0.004218	0.002244	0.037676	0.009697
Uni-ASO	No	NULL	F	NULL	1635093	45.520218	1.000000	0.000000	0.000000	0.060539	0.208774	380.598118	368.339820	95.068986	135.140338	105.542004	32.588490	12.258297	0.572312	0.000411	0.002999	0.016802	0.023506	0.014145	0.010484	0.063046	0.005427	0.053948	0.149201	0.015541	0.001626	0.014389	0.012018	0.011871	0.002761	0.067631	0.009034
Uni-ASO	Yes	NULL	F	NULL	1688449	46.996644	1.000000	1.000000	0.124712	0.071097	0.203824	594.701961	552.297174	137.452725	211.970114	167.015726	35.858608	42.404786	0.708597	0.000652	0.002838	0.016062	0.033311	0.013538	0.008618	0.077835	0.002631	0.067614	0.185573	0.022277	0.001541	0.012339	0.011220	0.017452	0.003418	0.088631	0.010186
Uni-ASO	NULL	NULL	F	NULL	3323542	46.270282	1.000000	0.508026	0.063357	0.065903	0.206259	489.368646	461.795119	116.601069	174.171937	136.772313	34.249798	27.573527	0.641548	0.000533	0.002917	0.016426	0.028487	0.013837	0.009536	0.070559	0.004007	0.060891	0.167679	0.018963	0.001583	0.013348	0.011612	0.014706	0.003095	0.078300	0.009619
Uni-ASO	No	NULL	M	NULL	1410869	43.020936	0.000000	0.000000	0.000000	0.036286	0.152732	284.742443	274.043175	78.780255	104.419342	68.152452	22.691124	10.699268	0.537487	0.002205	0.005755	0.031394	0.019366	0.013318	0.013512	0.044188	0.003366	0.062788	0.156451	0.013987	0.001790	0.016366	0.014650	0.003643	0.002092	0.034763	0.008830
Uni-ASO	Yes	NULL	M	NULL	1843003	47.623920	0.000000	1.000000	0.084573	0.039332	0.136683	433.350219	393.013523	105.104461	155.144712	110.250707	22.513640	40.336696	0.727066	0.005076	0.006735	0.039422	0.027337	0.014687	0.013194	0.052202	0.002076	0.087056	0.227526	0.022010	0.001689	0.017405	0.016400	0.005261	0.002646	0.041647	0.010212
Uni-ASO	NULL	NULL	M	NULL	3253872	45.628080	0.000000	0.566403	0.047902	0.038011	0.143642	368.914339	341.428342	93.690365	133.150346	91.997032	22.590597	27.485997	0.644865	0.003831	0.006310	0.035941	0.023881	0.014094	0.013332	0.048727	0.002635	0.076534	0.196708	0.018532	0.001733	0.016955	0.015641	0.004560	0.002406	0.038662	0.009612
UHC-FI	No	No	NULL	NULL	1080348	41.170010	0.458649	0.000000	0.000000	0.039723	0.178983	338.416651	288.014841	80.714500	104.501431	74.632683	28.166226	50.401809	0.457312	0.000945	0.003211	0.015653	0.015395	0.008013	0.006598	0.048825	0.000683	0.051447	0.136319	0.014807	0.001047	0.008410	0.007189	0.005613	0.002121	0.045567	0.008414
Uni-ASO	No	No	NULL	NULL	3045962	44.362567	0.536806	0.000000	0.000000	0.049305	0.182815	336.198417	324.662252	87.524156	120.910580	88.223416	28.004097	11.536165	0.556181	0.001242	0.004276	0.023561	0.021588	0.013762	0.011887	0.054311	0.004472	0.058042	0.152560	0.014821	0.001702	0.015305	0.013237	0.008060	0.002451	0.052407	0.008939
NULL	No	No	NULL	NULL	4126310	43.526694	0.516343	0.000000	0.000000	0.046796	0.181812	336.779194	315.067249	85.741256	116.614347	84.665099	28.046546	21.711945	0.530295	0.001164	0.003997	0.021490	0.019967	0.012257	0.010502	0.052875	0.003480	0.056315	0.148307	0.014817	0.001531	0.013499	0.011653	0.007419	0.002365	0.050616	0.008802
UHC-FI	Yes	No	NULL	NULL	1275001	45.058802	0.489558	1.000000	0.000000	0.052330	0.176964	588.537057	448.951565	122.708656	174.045318	122.325758	29.871831	139.585491	0.710747	0.002897	0.004853	0.026371	0.027643	0.011757	0.009294	0.065476	0.000596	0.078741	0.209555	0.023196	0.001406	0.012265	0.011920	0.011707	0.002789	0.069828	0.010574
Uni-ASO	Yes	No	NULL	NULL	3165013	47.387265	0.466942	1.000000	0.000000	0.055129	0.172481	509.234593	467.829825	121.819268	180.984831	135.592830	29.432894	41.404767	0.723111	0.003113	0.004944	0.028579	0.030081	0.014405	0.011281	0.064067	0.002435	0.078958	0.208463	0.022260	0.001677	0.015328	0.014299	0.011032	0.003039	0.063636	0.010319
NULL	Yes	No	NULL	NULL	4440014	46.718620	0.473436	1.000000	0.000000	0.054325	0.173768	532.007206	462.408716	122.074666	178.992070	131.783038	29.558940	69.598490	0.719560	0.003051	0.004918	0.027945	0.029380	0.013645	0.010710	0.064472	0.001907	0.078895	0.208777	0.022529	0.001599	0.014449	0.013616	0.011226	0.002967	0.065414	0.010392
UHC-FI	Yes	Yes	NULL	NULL	138700	44.590648	0.626539	1.000000	1.000000	0.048572	0.137930	595.010274	451.879026	114.408178	178.520721	135.239107	23.711018	143.131247	0.658489	0.001557	0.003821	0.023576	0.028579	0.010043	0.007909	0.069661	0.000591	0.063525	0.192004	0.020699	0.000987	0.010382	0.009394	0.012609	0.002422	0.078053	0.009228
Uni-ASO	Yes	Yes	NULL	NULL	366439	46.777646	0.574638	1.000000	1.000000	0.049246	0.136860	521.384403	480.743685	109.786854	193.793658	152.922727	24.240445	40.640717	0.676123	0.001642	0.004246	0.025433	0.031164	0.011830	0.008634	0.067828	0.001533	0.067421	0.198868	0.021081	0.001107	0.012004	0.010681	0.011589	0.002808	0.068210	0.009172
NULL	Yes	Yes	NULL	NULL	505139	46.177145	0.588889	1.000000	1.000000	0.049061	0.137154	541.600439	472.818088	111.055768	189.600047	148.067196	24.095076	68.782350	0.671281	0.001619	0.004129	0.024923	0.030454	0.011339	0.008435	0.068331	0.001274	0.066352	0.196983	0.020976	0.001074	0.011559	0.010327	0.011870	0.002702	0.070913	0.009187